100000000
110913517
222294045
222294662
255085285
258952873
769842426
987654321
1078104677
1678501201
1687975175
1711189568
1711269239
1711663388
1712966938
1713062465
1713443870
1719193939
1720442020
1731677220
1752416296
1787661401
1791757098
1819214616
1819501061
1844111144
1914885134
01313013037
02222286359
01774449686
09613771771
01711669596
01322902600
09666782424
01584020724
01711506161
01915551257
01746251060
61556966750707
01855869527
129726043149398
129726053149397
01775551519
61556519200378
01753757446
100095285534592
01997876683
100057524054795
01721117450
01833482930
01979995305
01869585787
01857673637
01715124585
01988899905
01615026466
01711207388
01710700927
01610692587
01762612364
01958556224
61556637376360
01958556225
61556710182928
01737535457
100064680401651
01703501304
01816752745
01711449325
01865218460
01685143618
8801748085383
01615181692
01981888825
01618455481
405106070705219
01515238629
01715186647
01515613924
01759579363
01732515747
01711956743
01726045483
01707446767
01716243274
01827837009
01981888827
01914967633
01760431075
01971682316
01795315151
01534593906
01625043319
01679499430
01318766334
01717295616
100072294896574
01799391539
01580327006
01841968876
01728358301
01709025000
01954012106
01797260065
01914754615
01886666070
01743758910
01719465937
01571743387
01712425078
01715424407
01675146701
01778808857
01712255095
01749978720
01322995918
01764440300
01720010709
01687893537
01303279819
01672002040
01921581643
01981888826
01770256565
01815563168
01724686428
01675465615
01719942030
01714888552
01722170622
01886893418
01711008096
01746288126
01923582226
01726485199
01737561978
01712772557
01816345017
01748863426
01958556222
01409973121
100057319186692
01915521495
01682674352
01816593925
01323127693
01816246051
01750764126
01323883781
01877331517
01775669296
01626710174
01776000008
01795164746
01711944795
01880153300
01711730548
01903644064
01712561719
01557770123
01840099662
01880088999
01711107629
01718968876
01978949494
01717032426
01715170327
01911761227
01757411482
01782882745
01715939616
01713229572
01850975386
01760223911
01726396013
01713199873
7800768207
8801858997887
8801728297169
01858997887
01934345141
01719937145
01717287626
01779169291
01634667777
02223363483
01787051005
01322890026
01976474848
01977771867
01713405161
01798413882
01990303040
01711030046
01768491229
01723868054
01316196568
01760097626
01815324032
01896127507
01755550242
01748497387
02-48813047
01829200600
01976672194
01969777111
01718639197
01710450910
01766682411
01716767024
1635916949836020
01552327102
01817096989
01912242087
01794383825
01914157827
01799766017
01755513998
01814660999
01733331861
01854818208
01941110111
01621996660
01552374408
01859142177
01621715071
01715448807
01732778592
02223341669
01682586135
01847270711
01904116704
01795670616
01712626229
100004810155077
01729699429
01738279229
01731546495
01765300800
01711640924
01770441185
01841843155
01777654578
01710411131
01947391903
01978160000
01776888888
01518459273
01758105544
01970618532
09613105805
01780807355
01869157666
09611900225
01715147046
01644294337
01877722850
01777535557
01676801401
01675362010
01882536811
01755882225
01919909080
01703030171
01789501398
01849462357
01755574203
01714284214
01770551034
01631186077
01920210779
01717527959
01322649445
01521206638
01886770760
01923508806
01317253636
01766512222
01685904872
01754919403
01747454985
01633330222
01718124807
01727380930
01678032058
01997543792
100064177507306
01775538035
01779828218
01912265522
01942237172
01773335431
01711187188
01921101130
01725054893
01749988840
01611369000
01937444999
01685495999
01718659884
01932299198
01782299826
01873921772
01705050507
01712028534
01712724324
01722301598
09642727727
01711467499
01889999717
01922570947
01912648601
01911205416
01799851505
01764382295
01817238743
01875494188
01712794468
01860539689
01557770121
01966999777
01958536783
01676370406
01958146530
02-41040451
01711507899
09606221178
01810203030
01644899992
09642080808
01711680795
01982925956
01317984578
01313037685
01743534284
01884848760
01731868087
01713309942
01930466125
01676369531
01679506971
01921608424
01716603900
01914556200
100077088797509
01759788527
01911310267
01686514518
01620326068
01409659296
01674879684
01733499046
01676854535
01723482839
01956028499
01874544960
01754545044
01978728182
01926460029
01676530946
01675343808
01799818185
01911209012
01819543686
01896314900
01675448654
01869191373
01712415251
01675482680
01737832999
01858922208
01766990033
01675994673
01714303522
01817053390
01305321843
01833309550
01939900640
01924094776
01620011017
01676546515
01721902228
01735399007
01715807304
61555347071954
01751117689
100063902958610
01766624792
01787114600
01894876922
61554789661931
01707773082
01703069196
01911575774
09639500575
01786503183
61554429373182
01728882646
61555533083698
01689023585
61554765574080
01313282913
01758927801
100064228803412
01928897805
61555237719659
01934175632
01859441064
01724669985
61555604005348
01934069599
61555425031303
01759935593
61555561043527
01619537819
61555388429064
01946155300
100089051378602
01686664045
01716585279
01771266666
01601500606
01915165903
61555050342447
01684216737
01866758552
01902916420
100087061548438
01713066433
01722000860
100088681038410
01787875907
61554487184806
01921604923
61554823140190
01957974902
01979773750
100009044309449
01327803375
100095485813914
01866611706
01783695731
01713860005
01715056831
01758282345
01686299847
01841003380
01751178444
01925618270
01886298563
01777330757
01675865078
01876477438
61555150409406
01740317671
01707571564
61555155929277
01969571965
61555127010511
01309046330
01766894897
100079576794447
01920302382
01704512248
61554958002591
01754110162
61555004020011
01558295071
61555302386672
01719976757
01611602631
61554893500625
01710089920
100064160947209
01841990870
61554854147595
01321213499
100093239431171
01746048393
01948148739
01818792228
01611006617
8801719023803
01719023803
01716727020
01745986550
01912425591
61555381614786
01793049293
01912142831
61555010889913
01618079607
61555279679141
01712305986
01785049327
01710689822
963 9480480
01711074760
01717825482
01720294911
01966181670
01717080800
01711031448
01613246224
01322447414
8801819224593
01819224593
01552382162
01719909493
01613541818
01818762078
01677905063
01613070090
01897715225
01780827300
01729115858
01711590392
01711005993
01844505566
01845666999
01300535353
01577066212
09648700800
01880160966
01720410850
01817008955
01910841784
01847546032
01978995102
01711082639
09638737311
01712468947
02224401616
01953338382
01748878344
01701377321
01837732751
01580340819
01404458888
01911310766
01975069569
01916832507
01312144704
01780464632
01878658227
01891153770
01743849630
01919402117
01909027765
01776768887
01749779250
01858433393
01717030818
01731538225
01713110312
01678038485
01864698975
01768122085
01823333326
02226638905
02223314358
01915536878
01675940291
01625550084
01752544402
01920036988
01911311528
01715953963
01714083139
01732532169
01766212002
09611677579
01894789897
01611099088
01896202025
09614881148
09666751751
01709995550
01896039581
09677666888
09613751132
01954968822
01706526262
01711531275
09639188789
09613657755
01913004278
01847422900
01947782635
01404000777
01717788182
01742164155
01332765868
01713337951
09612999999
01788843078
01733402180
01741484044
100094072022503
01778453898
01552460214
01325068900
01711507237
01738703571
09613820406
01911122436
09611126474
01616227228
01970360344
100095433345398
01795533034
01970360345
01781928043
01755607507
01911625131
01675758429
01710547851
01870727171
01673838050
09614113345
01886182813
01307862756
01743887330
01675744850
01673873053
01717298279
01718901559
01716716721
01712562299
01687200331
01912615432
61554901195186
01717107222
01846610868
01700714030
01821399797
61554408556123
01781683629
01839803006
01743913085
01724898910
01977593593
01329713961
01912988994
61554696305421
01768268391
01711520842
01961473794
100093046050951
01316757760
61554856437320
09611915934
01842647664
01730013814
01944996633
01631497828
61554674646721
01818486807
01680278731
01818411834
01777702000
01711432500
01812657437
01920663313
100089570689411
01816560585
01911778161
01777769666
01745780810
09611211244
01999797948
01684131040
01751540210
01619620620
01671580085
01711586469
01766622202
01783406056
01409973031
01713040125
01894884118
01743936213
01958300010
01810140650
01792020468
880 1716631456
01748614424
01314734122
01922856961
01712622029
01906297866
01816700679
01903350296
01835152904
01886884410
01894442900
01844232271
09611900245
01762470598
09678076482
01711991723
09639884884
01677267001
09613404050
01610001407
01711081161
01718804890
0255025242
01712427432
01611444990
880 1911 7777 44
01894448521
01784651713
01678242909
000620025-0403
01970242685
09677220022
09677999111
01976449413
01841671112
01711661665
01908597471
01712685195
01324414400
01715816355
01753919191
01701351154
01714060480
09611247688
01920301559
09678100500
09638229922
09638118866
02223363851
02222260614
01404431344
01313467657
02-55055140
01719696274
01611347638
01712060209
09606444777
01936005896
01708519312
09617444111
01792469292
09636444999
01951100200
01717068205
01712922233
01990779776
01970250640
01613275280
01891985198
01768032853
01755908045
01635086496
01774610187
01704245688
01719335239
02222274550
01711287922
01612255655
01829684676
01733312452
01971320917
09666700722
01940333988
01896999966
01740737879
01779689831
01889882001
01711053118
01735481598
01711223405
09678221189
01810077844
01322073142
09639830830
09606669555
01999637575
01952700500
88 01913 200707
01913200707
01704808077
01711515220
01756422701
02996634056
01841323328
01973727495
01951520815
01983553366
01874050503
01896037459
01790930290
01717999220
01824764445
88028418012
01610402061
09612006666
01714178738
01819244200
01540176558
09678217217
01717448989
01708813276
01883000850
01628667777
01636600500
01717558122
01711149197
01675703606
01678242901
01896059443
01712772023
01733806880
01720254546
01734989700
01914466030
01902777000
01763173475
01737281730
01734449991
01914099660
01911110543
01329661299
01744629429
01624812505
825424305297
01321203411
01789678429
01967889988
01941225588
01842875702
02222282314
01777767431
01740940902
01734601901
01707201464
01324737781
01880289911
01711319356
01712423822
01896005852
01881090278
01811199919
01914092223
01712016354
01711501371
01825190524
01787900000
01971971520
01611261244
01811234165
01727398539
01966050506
01680941995
01316100486
01612389478
01793946401
01852222259
01538153885
01770570221
01672735479
01981888828
01743904417
100090443640248
01540113302
01977139689
01711840822
01935553355
01515287150
02 9825 8833
01913367478
100053124715965
01970004005
01717521930
01876263377
01896001111
01977008854
09638700300
01716185333
8801971168516
01781881199
01711461083
01730195904
01718574288
01778728876
01772775454
01616275401
01819384646
01761915910
01521486060
01792154348
01712070262
01708527868
0258157939
01922223222
01844454090
01894762001
01922599444
01844194494
01713429064
01689258933
01937907005
09611677839
01313467101
09677601000
01989916979
01831925544
01672387146
01711992129
01728083547
01321208933
8809677601021
8801969291232
01969291232
01881975079
01886664144
01977116501
01713112255
01712187075
01917024343
01765900999
01848304699
01715913309
01763017229
01911613577
01838888181
01798776997
01835192292
01303625508
01618226644
01816202314
01837441061
01716401613
01757292839
01712546668
01772648901
01732600076
01613034877
01819215636
01764378031
01623208606
01714668318
01716800834
01777743738
01711264901
88029820667
01911101440
01770166720
01611560883
01711437177
01918639007
88028180078
01973000220
01911880134
02-55058320
01911725455
09613828000
01861199055
01776633077
01707132919
01845025427
01680225733
01704163669
01943955477
01615631140
01303061944
01714005887
01553355721
01735959991
01914500040
01617448989
01675624479
01799923660
01780234165
01722285885
01910026090
01863333950
01715900066
01710026960
01929000700
01730450099
01918132787
01318239773
01725642516
01714044180
01993863392
01928982930
09609080706
01764000225
01727855919
02224470630
01933110088
01713143555
01904400108
01746910931
01884374397
01989091524
01915870430
09606882288
01889983450
01538050211
01712185301
01753021961
01714315604
01787402205
01922277747
01816684970
01718667962
01766688847
01886800355
01709993296
01601426366
01711545186
01612832233
01716620972
01712877592
01746622204
01511281441
01676827212
01784535400
01619672554
01300234760
01685096402
01616761661
01713291584
01886686614
01300234759
01958666808
09617885599
01730069683
01847231631
01601029717
01608972720
09612111100
01759073686
01731423494
01670383191
01811204829
01511111124
8802334402231
01670000036
01943400600
01893425530
01717137909
01746655678
01844215511
01949505050
01711441774
01613228050
01601850686
01817540122
8809638445566
01731457646
01731677220
01927235396
01715328626
01833101454
01842812752
01732226600
01953335155
01730330009
01975309002
01681221100
09678771480
01711636575
01713013979
01611668657
09613001122
01409973001
01832644442
01796656559
01619998866
01944223334
01719675715
09613820013
01969904090
01754874745
01312340405
01878694325
01713012757
01992079830
01717639422
01764196477
01730323052
01847333009
01755628381
01711567790
01400547393
01970006486
01813339011
01715064501
01615005459
01302714702
01786999888
01714084442
01797242610
01844602020
01917621631
01958644089
01711593045
88 01933667700
01317618057
01970049269
01316110963
01678004434
01711861202
01718010694
01731648665
01324446601
01886382272
01718146157
01713330777
01715117100
01847227777
01731816466
01744627392
01877725154
01409978801
01904446104
01709371514
01977743739
01313046727
01729080311
01611300003
01302564324
01755554313
01894885555
01713002341
01711280179
01721040814
01777798606
01923289282
01713299695
01321158000
01975078777
01862290166
01316710704
01959333444
09 678 388 388
01892918929
01711081482
01321232981
01716591501
01315181077
01511555564
01938861300
01877774032
01711538357
01865065092
01743425337
01404485601
01715813259
01755630999
01713136779
01319222709
01648433927
01713049082
01927688745
01711033357
01714611859
01973883211
01737317841
8802226683400
01894885757
01674354637
01711487922
01711521995
01894946900
01848346300
01945666888
01978838262
01766665131
01790015099
01711270005
01894829225
01819239613
01711193461
88001716959
01322819390
01704365350
01711812701
01401888444
01511859033
01810022230
01730715930
8802224470465
01832152907
01885935494
01313945500
01322819391
01894932500
01707779497
01902891434
01711127586
880244806340
01748966964
01610003003
01955544909
01833030703
01733393782
01990779977
01844224180
01611106000
01676026689
01817751568
01321150651
09642566666
01322840859
01623760571
01859893939
01689007979
01717266026
01955560300
01686691442
01975391188
01970493357
8801811478955
88019699055121
880244801216
8801627260933
8801799390384
01712616819
8801712616819
01819020706
8801777734212
8801777734214
8801777 734219
8801799986940
8801709642442
8801709642447
8801777734209
8801777734210
8801777734205
8801777734206
8801730 701950
88017777 34218
09678-100530
8801833180423
8801816021881
01755552703
01324245070
8801700762233
01676176954
8809638030303
8801713652539
01841128261
8801322813550
01882581470
01678131601
01712412881
8801921422211
01671123144
01616066699
01764492880
01977799233
01914385844
01867130505
09612001002
01810061001
01318314345
01762626340
9678711711
01883422386
01798669966
01713270576
01886327637
01886667793
8801717222826
01707082381
880 18 41559449
880-1829004055
880-1829-004-055
8801819077561
01865051342
01701775562
01623123123
88 02-7914733
01958339721
01778-078727
01973331959
02-48320119
01922228111
01534318888
01974072421
01902358056
01727303096
01730392100
01611111227
01711481192
01844572123
8809617617617
01713040775
8801714070437
8801713118090
01810121220
01401136070
02-41031891
8801933380800
8801714109611
01840266953
09678785151
01818486037
01787100448
01844224054
01717214444
8801847419966
8801736480089
01767593415
01913-800830
01914219313
8801711460247
01818280376
01789384858
01312135667
001614723-0201
363773346098
01711315629
01711666699
01973-147035
01741789900
09696791592
01735791592
8801912694400
8801400691122
01903000246
88-09638-445566
01936276182
01713344232
01732461735
09606333123
01611034390
01748844756
8801674233261
01618335577
09678793030
01847065082
88-09666774422
2389280341341604
01841084980
01908327868
880 9614-778899
01711075249
01711546040
01997620146
8801969909919
8801911122824
01704466939
01829713650
01711500574
8809678187666
01920835650
01914001451
8801911776764
09612300400
02222260930
01811484000
01511303030
01610465252
01711991295
01614121992
01776380099
017773336715
09639340340
01920171727
01886868686
8801730805740
8801889147891
01701000654
8801890364569
880248959911
01819296674
8801918616562
0257390880
01812620653
01312515241
01303046730
01829440044
01772803803
01970466233
01789123355
01629026387
02-8931295
09612607080
09601001921
88 01708536019
01708536019
01624608925
01810063501
01810063502
01936020388
880247121217
01318307045
01832342590
01777768700
8801815266555
88028991145
01780271272
01976-888555
8801316865656
01880121212
01309141430
01737063340
880 1608 967 110
8801844053721
01711178663
8801842193165
0942777555
8801818214141
8801711457092
01940653577
01739886722
8801911735933
8802-49349762
8801864316299
8801999207731
8801618223344
88027540605
8801712825542
880 2 9833652-3
01841477499
8801675716726
8809638776600
01714777700
88029640344
8801816463569
02-44801194
8801716367902
8801611747979
8801904119150
01714402524
8801707020201
8801611162226
01612777393
88 01854-359875
8801748050606
8801916100806
01816749642
880 2-58053172
01671118586
01911837111
01717264314
01700718636
01755650747
09678661177
01976672073
8802222285676
01715317133
01790331133
01779978813
01771-777422
8802-8838001-4
0312867766
8801678242901
8801713132572
01755665353
01318306942
88028900087
01923030111
01711546988
0255027753
01710442500
0247120991-4
0241010090
01316056085
01841257077
01303240208
01944009026
01790270066
8801914242440
01918178606
01315599965
8801730310833
01955249001
01758257046
88-02-9357693
88 01904-111661
01681000001
01794576970
114253953742466
01742191021
01844944094
01922110323
01766655760
0248118067
01972643663
880 09613-850 850
01718116133
8801723457719
01911197292
8802-9573031-35
01775888999
01717589069
01680000113
880 1712-288633
01313010180
02-55138700
09642564565
01711139291
01971600051
8801304046994
01612412365
09666787787
01311209099
01678140141
8801713064663
01713428342-43
01713428343
01719417061
01678400222
01841-041598
01730007803
8801711295618
01713046748
88 02 8080 820
01799919592
01616701701
01611585887
0258950161
8855008326
01701267004
02 7193040-41
8809678771155
01674616016
8801958038630
01816414041
01720803007
01966221166
01711020098
8809643111222
8801601110124
01959004000
880 1718291725
880 1855693725
8801715091734
01710830680
8801711504752
01404458668
01670296562
8801715005459
880 1797-587245
01819173762
01729098913
01556-361102
01712039707
0831-54084
8801716217077
880 1327277267
8801817146757
01307433383
01844668085
919163292274
01913484692
0255055030
8801713034440
038162706
01705074599
01844909020
028180202
02-9585840
8801318211437
01925070707
01742592926
01719176433
01714083171
01955511349
8801673781946
880-2-9344163
01977226402
01918985826
01707224609
01788431645
01711283552
01678143070
029116003
01684867952
8801531715649
8801715175010
8801971002450
029578287
8801977058451
8801312113828
01624999333
09617 551122
88-02-58317072
01303470502
01684954128
01911062154
8801911705102
01634845557
88028838001-4
88028861117-8
01318241188
09606500801
01989212121
01713477168
01913464084
01715150694
01312108889
029673358
09612646464
01723-830710
8802 9881860
01713081805
01772909339
8801713080041
01612523828
02-44611518
01970652594
01786866666
01730993770
01322 896 004
88-02-8879237
01844545457
88029581272
880247117050
01733555775
8801738825512
01730000278
01712502585
01676786658
01711642779
01712188787
01733057716
0088028836413
01717009814
8801817204721
8801715024248
01711383162
01872734505
01742802367
8801714035547
8802 9615991
01712414323
01623332333
01711091274
01950010050
8801713384435
01769402830
09617171193
09639555333
028836413
01777743330
01317771776
01611634334
88 01846 016766
01601442222
01730599577
8801712593476
01912262828
880-2-9665278
8801937085775
8801611888589
88 02 8105396
01670828528
01711075593
8801768729111
01714337285
01711540461
8809639-223223
01844020808
01714469798
01716837622
01733269846
0248957535
8801985924924
8809606003696
01713005234
01976222927
01614404404
8802222240050
01613262000
88-09610999190
01312461629
01987877877
880177774434
8801984888444
01730068078
88-02-8413106
01711349958
01717-510323
8801880859745
8801971599591
01714216568
01611-119328
01401148400-20
02-8981214
01760798324
01974446001
8801841218303
01711853814
88029139644
01636-292929
01730732291
8801791620620
8801745770619
8801912581077
88029674794
01888128882
09612001200
09612133133
8801710730770
01617330440
8801925764088
01795649249
01709991000
01758335588
01713240707
01708142984
01717434423
01864401757
88 01711222652
88 09696822652
8801912562618
01755-869 869
01755-869869
09606-221100
9632304-10
8801711197393
8801843636105
8801842008280
01733-310935
01534251643
008802 55033889
8801766699849
01670165666
8801707600889
01835666699
01755680925
01780645236
8801711384955
09609414141
09601246527
01717634948
01819666366
09678600555
01639111444
01842800491
8801782391517
09609212121
01958489882
01708552255
01700729237
09614300000
8801926854340
8801712052966
01970703070
01618719520
880-2-9855371-80
8801733332313
01847270704
09609400400
008809606-555555
01958486566
01958486568
8801994121931
09636203040
01676795576
88001813266882
01713032122
8801730438487
8801854610610
01307434245
8809604442121
8801673538630
8801760-101004
8801632799217
01841247008
8801884690678
01770166898
8801915310544
880 1613 0014 00
01887454024
8801758293405
8801307452110
8801730302531
880171601680
391883171435045
8801710859231
8801766918013
8801766918278
8801684572914
880248812125
8801611772398
8801750375327
8801733334770
8801923069090
8801755742142
8801764043627
8801911883064
8801755555102
029668986
029662778
8801966659240
01844224065
8801727210735
8801841362436
8801635777222
8801401159711
8801725191658
8801318217671
8801819210799
8801833181429
01724124183
8801716412498
880244612469
8801711239525
8801717859464
8801818901402
029632492
8801958109225
01755649722
8801722911189
8801777750933
8801920851685
8801755710626
8801880255921
8801880004440
8801793322999
8801715763984
01970317775
8801845987428
8801930327219
09666733744
8801872650687
8801880087154
8801880087155
01810096654
01700676040
8801711528475
880255158261-4
01921759626
880184137080
8801722122166
8801674760582
8801714274579
1261516330570404
8801396467687
8801712604343
01707 076 717
8801911696087
01712639776
01552384220
01715023553
01811447934
8801844111144
8801711952849
8801678233444
01917991111
8801707078193
8801717427204
01708 411 486
01770648369
01950400100
01714818833
01847100100
01305627157
01688666777
8801904400101
01711933410
8801675551586
01975155556
01819411146
8801720397476
01700714636
01885998899
01844488488
01706402202
01783395617
01793 262 721
01996338844
8801726337867
01711991713
8801770919191
01730600035
01911960760
01746007007
01716012222
01715001348
01781116699
8801924788439
01710955925
8801720448666
8801819137479
01711328171
01870727170
01710303970
01711618090
01919194371
8801819250309
8801673425762
8801729265678
8801833180420
8801971 075075
01758 193 955
8801959918142
01971449653
01710280499
09638480499
8801941578463
01730317801
01977274457
01766933744
8801977242414
8801730004456
01835 530 260
8801318302688
8801916859592
8801687276746
01911 389 594
8801730093875
8801971272324
01851466977
01711500009
01775540951
01710291950
01926995544
01975 700 750
01856111313
01779 793 391
01973477529
01712646294
01713 259 515
01725741113
01907993034
8801998774400
01915 045 502
01771 629 070
01781 200 300
01920799928
01913145917
01719984741
01795797983
01819893155
01707081370
01788995555
01712056310
233282434154921
01611115678
01671362666
01711505320
01819957186
01813573144
01730051559
01716 658 911
880 1977-908308
01711 010 699
01913 870 792
01784052773
01713524136
88055042468-69
8801624455555
01730 583 525
01318730095
01920655822
01850602003
01711311173
8801844547006
01672 656 988
01858888808
01915333334
01817008108
01912499989
01730440509
01713 363 728
8801885055055
8801831745211
8801616661185
01716725397
01842706841
01521222016
01778117177
8801623121259
8801771403470
8801316240254
8801712861959
01715019291
01877721915
01711943701
8801616899829
01977327942
01677756474
01711039676
01713 408 116
8801713123000
01985797285
01990 500 300
8801711033627
88 01777794504
8801945778899
8801711324411
8801744995523
8801736404419
01711 992 017
8801971416471
8801753486337
8801922374142
8801885925305
8801638300300
8801719294455
01847333094
8801711289386
8801711312786
01797 470 670
8801644422862
8801720034798
8801839770221
8809612223343
8801770156736
01747 485 923
01905405460
8801711507956
01714890292
01913377417
01713 000 355
01820717935
01639244855
8801847100158
01721576389
01817 045 635
01922117721
8801847268142
01715366252
01919608000
8801959621322
01678076824
01768486466
01874 399 250
01768608427
01618200626
8801777333677
09666711211
01726262020
01847347832
01714003040
01716552497
01922 117 441
01753962976
8801955535500
01634666999
01711 960 278
01715822464
029023166
01617001009
8801881404040
029857484
01977936623
8801738859660
8801789494570
8801919142362
01676998230
8801713148841
01725899023
01755693211
01733520479
01675601450
8801726423343
8801731802974
8801796204953
01670070007
01812 461 432
88 01713013979
01847 052 070
01708455600
8801813307099
029614457
017126436
8801716473236
01768442200
8801734008903
8801817033444
8801930003444
8801926662200
8801906614488
8801755593839
8801617601079
8801717601079
8801778006688
8801710810813
8801968700005
01968700002
01968700008
8801708437618
01847188872
01670343183
8801711991736
8801618511333
8801554000000
8801713331418
8801670058409
8801874050601
8801874050609
09638060606
8801617000378
8801841251114
8801708807437
8801847291302
8801770037707
8801755652329
8801557821819
8801617224224
0255013322
8801711708848
8801711100792
8801714213124
8801933366676
01916669991
8801706609720
8801952200112
8801973336464
8801795978689
8801948101201
8801726968828
8801811459759
8801942901425
8801706303830-34
8801721784034
8801822957957
8801622957959
8801840103829
8801717600699
8801714167614
8801730089913
8801834163689
8801710778457
8801711110192
8801757545154
8801627093582
8801711532597
8801716088099
8801717808762
8801711151160
8801711992038
8801755559888
8801988833008
8801779666644
8801674314359
01978140000
01918993322
8801912023425
8801712302939
8801755520620
01819224165
8801711133567
8801677088348
01765688888
8801844047000
8801612777122
8801614666927
8801970444699
8801711230006
8801708520213
8801711505609
8801776774455
8801719061979
8801681642081
01708166250
8801713129900
8801992304705
8801704498485
8801799882990
8801711082111
01713023258
8801726133768
02-9672088
8801712126874
8801711114086
01612370793
01833323131
01716988764
8801717833914
8801611059258
8801706311273
01758697480
8801752817343
8801630549781
8801672689288
8801732537854
8801757717989
8801711132230
8801925322632
8801682337715
8801677239833
8801620247815
8801847270704
8801670070318
8801823662233
01717083404
01787659179
8801777195901
8801841629746
8801738024509
01783914922
8801844053719
8801811410845
8801708484100
8801715688070
8801777790900
01793935353
01755602817
01716559369
8801971787854
01973080301
01811108018
4636182671474
8801713315080
01521555125
8801616444644
8801940494949
8801673717222
8801715150775
01521330038
8801953123123
01878727242
8801758332285
01912877994
01814881404
8801713178224
01996805286
01705100193
8801711365456
8801912370130
8801704000009
8801930659075
8801611991213
8801755630340
8801710787602
8801670047080
8801914488363
8801675790090
01975151027
8801924720823
8801910677619
09636121121
01740941205
8801711116725
8801830424392
8801711856027
01715506015
01580117007
02-8419567
8801670107053
01916204041
01631116660
8801782003696
8801977116161
01511023450
8801855890600
8801823112249
8801712345260
01404300400
8801716552935
01922101112
01688053579
02-9135059
8801915001514
8801789174367
01766063423
8801710880330
8801709650880
8801730326732
8801710378396
8801610378396
01618939000
01630663066
002260569-0201
128566456634
8801713027521
8801755617025
01756962169
01755655325
8801301055093
8801678322952
8801715011585
8801797666216
8801632223388
8801940412874
01814461500
01971309300
8801730787305
01708637383
8801615151225
8801842058019
01710551154
8801913222688
01716001173
01705569125
8801912515087
01720 816166
01979447722
8801714420001
8801511774899
8801712548909
01799771177
8801819074801
02-58070948
8801971263243
8801733331032
8801708516783
01401122052
8801914731257
8802222274270
8801680084845
8801711506005
8801534651138
8801766660082
01759368551
8801844018401
02-9136093
8801730372941
02-58315177
8809612101010
8801708127091
8801708127079
01678004300
01678242914
88029872976
8801752061496
8801844150075
01779880077
8801614442003
8801617007002
8801755655218
8801733339267
8801755520220
8801741739899
8801685982828
01979724732
8801688934040
8801912473738
8801771611111
8801711535992
8801682971262
01725360076
8801712 144 096
8801711900499
8801844080556
8801769696829
8801881112211
8801862606202
8801992 022 650
01954 003 939
8801722011001
01922 117 721
01678 853 131
01711506968
09678300900
09678-300900
01730 260 003
01708081584
01819270377
01815 118 186
8801921888111
01717 585 830
01911 479 871
01818 378 084
01676 198 162
01610 444 055
01708 183 871
01820 226 699
01714040404
01713 076 829
01929 000 700
8801911310633
01916 135 312
8801768120800
01711 822 442
01925 888 555
01618 450 580
8801716284444
01975 200 222
01761 404 892
01550 080 760
01763 774 600
01779 285 408
01817 086 667
01628 700 700
01794 709 709
8801711 057 908
01711363186
01854555534
01613 432 024
01711-384 992
01911 734 236
01775 333 333
8801711123450
01704 506 080
01711 856 186
01724666717
01611 122 287
01797 456 456
01715 822 464
01712 098 875
01844 142 760
01755 520 029
01722 568 578
01818 103 698
01708 520 282
01711 007 649
09636000005
01619 747 015
01711 571 343
01711 871 696
01753 000 777
01777 156 045
01623512299
01791 662 355
01713 083 664
01841 848 400
01972 357 185
01789 880 022
01681 006 181
01937 044 077
01673 569 913
01707 959 772
01713 045 904
01719 305 231
01709995553
01756 960 877
01670 002 090
01777 675 194
01822 825 773
01935 394 050
01711 529 709
01614 048 925
01611 070 800
01324737771
8801730716161
01683551692
01618009851
8801797102425
8801612771910
09611000143
09611000142
01614443401
8801552491383
4478002000
8801706000060
01911219704
01728566809
8801740588988
8801912189227
8801913922034
977081239002084
8801755693484
01928506375
02-7701490
8801712227365
8801615555155
8801712203761
01703198119
01712809610
8801743980389
01856450551
01722071072
8801981516566
09638222555
8801970237151
8809612211555
01971242242
01717593321
01795470074
01911788322
01670039656
8801713004959
8801911977802
8801992339169
8801623760571
01784757676
01852-875227
8801922906307
8801852875227
01678712062
8801848375504
8801914417510
8801616000092
01790117777
01713113537
01775568800
8801844527500
09613505050
028818147-50
01713011954
8801749880066
01555111555
01840900009
8801711579786
01911303620
01613333223
01811 458 148
029121484
8801709676471
01709676471
09638999662
01915471757
8801827550081
8801827550082
8801827550083
8801827550084
8801827550085
8801746353844
8801848077909
8801533985285
01711914040
09639 400 600
01819403432
8801919411400
8801680465336
8801709252095
01790777666
9654989898
8801619550800
02-7913843
02-8391694
8801784365354
8801999333999
8801616161516
02-9031636
01717181899
8801729282384
8801977770099
8801743260655
8801720194319
8801990000922
880248116262
02-8891232
028891404
028891418
88017555559738
8801713435310
8801911004999
8801728856177
8801712567569
01611105155
8801765668866
8801833040646
8801980055511
8801983782777
8801911588958
8801833316380
8801681378223
8801711110959
8801817041189
02-9896511
8801847066356
02-9820286
8801686769911
8801715770966
8801978787575
8801911395689
8801776552387
8801714410723
785560384872821
8801719117333
8801856128089
8801913602048
8801718460932
8801703332227
8809696894906
8801552487376
8801712784606
8801784367534
8801922202033
8801977287844
029183250
01670888602
01712092922
8801713078277
8801678138208
8801775752053
02-8955967
8801974002244
8801874042215
09606444444
8801611908908
8801712099881
01616161565
8801715024150
8801711372331
01764000021
8801715228767
8801774998630
8801707133554
8801916576324
8801971023787
8801812667788
8801552341110
8801730404203
8801730404242
8801730339177
01779555575
8801847082615
8801811456093
01685982828
8801923030111
01787694497
8801716027478
8801730600036
8801970600036
8801978992233
8801742928912
01313894545
8801711307878
01684123582
8802 4461 2393
8801819231922
8801814655923
8801716556468
8801613199065
8801730091309
8801712850381
8801762520525
8801730317745
8801967345311
8801812452348
01713008900
8801789232223
8801711055617