01552333396
01678019511
01707006596
01707590447
01711192603
01711246961
01711525373
01711530620
01711540756
01714277178
01715314898
01715524089
01715894266
01817576269
01913016409
01977776677
01176512313
01191528842
01191541780
01191557001
01191837792
01196000616
01196047431
01196047432
01198015891
01198047868
01198082904
01198234845
01199100140
01199834195
01199857308
01199871756
01305332051
01305437001
01307198799
01308544492
01310338836
01312630877
01315331950
01316982211
01317495867
01317618085
01318307295
01318313837
01319415501
01319578929
01320381100
01324742425
01400334058
01404007310
01404010943
01404427100
01404495001
01407444555
01511066824
01511526876
01521241421
01521440667
01534005349
01534223994
01537132522
01550017303
01550063214
01552201330
01552204353
01552315038
01552333396
01552353018
01552360261
01552360332
01552386124
01552387892
01552398555
01552440074
01552449054
01552460214
01552464911
01552488799
01552489297
01552493350
01552600222
01553964848
01554320637
01554322614
01556303639
01556344178
01556351400
01557440453
01557909282
01558153806
01558300500
01558331102
01558391559
01600188787
01610004466
01610106060
01610305959
01610407666
01610500620
01611022816
01611031104
01611039095
01611047890
01611100999
01611110091
01611151116
01611230006
01611284060
01611323201
01611331934
01611361086
01611444990
01611445742
01611450515
01611484810
01611490067
01611522975
01611541620
01611563673
01611666999
01611678080
01611747035
01611806786
01611862106
01611897934
01611953365
01611968366
01612000116
01612001687
01612004343
01612046059
01612058424
01612112112
01612176177
01612220963
01612415607
01612458453
01612737312
01612819222
01612820322
01612832233
01613000000
01613037077
01613092300
01613209173
01613246223
01613365210
01613582417
01613617440
01614222266
01614257171
01614423366
01614428304
01614442231
01614555557
01615156485
01615344288
01615552484
01615591919
01615658244
01615701790
01615723886
01616000112
01616169000
01616219892
01616254249
01616333444
01616606141
01617156481
01617313414
01617545676
01617545678
01618183535
01618257959
01618527652
01618999578
01619000118
01619060000
01619192175
01619212122
01619888811
01620527526
01620836693
01621149567
01622333333
01623486100
01623767012
01624982466
01626160262
01626555000
01627181544
01627460907
01627546841
01628104089
01629222777
01630454453
01630899856
01631003800
01631078887
01631368090
01631988314
01633355577
01634949494
01635722398
01636749211
01640124145
01640434042
01640730080
01644329740
01670000036
01670001117
01670193230
01670316534
01670350777
01670682392
01670757015
01670851511
01670935445
01671051050
01671339458
01671492364
01671517382
01671664777
01671726021
01671726610
01672076680
01672228333
01672679916
01673182480
01673527338
01673532375
01673613383
01673686454
01673987872
01674008200
01674173122
01674408255
01674525001
01674630153
01674747474
01674791210
01674939393
01674945383
01675181197
01675212629
01675223328
01675275125
01675360379
01675511101
01675624479
01675649893
01675698489
01675716726
01675826428
01676057639
01676101010
01676125522
01676152286
01676163356
01676236690
01676406170
01676826553
01676920536
01677035131
01677068904
01677111893
01677272973
01677351411
01677383848
01677448501
01677599260
01677718327
01677733322
01678000378
01678000455
01678002444
01678004434
01678004444
01678005123
01678007902
01678019511
01678030101
01678040436
01678040443
01678077191
01678079567
01678086271
01678091957
01678102122
01678112606
01678113414
01678132627
01678134547
01678138208
01678141518
01678141588
01678295090
01678398950
01678610100
01678633317
01678665001
01679260030
01679339399
01680169300
01680323488
01680326577
01680775018
01681050122
01681281801
01681322873
01681581373
01681652115
01682063106
01682105031
01682197992
01682291149
01683314887
01683391661
01683431030
01683444222
01683669544
01683689159
01684046160
01684164418
01684468835
01684949195
01685457998
01686268038
01687141763
01687200321
01687278425
01687286184
01687422843
01687423079
01687774993
01688200767
01688521522
01689308456
01689764871
01690116947
01700714600
01700911777
01701013049
01701220200
01701224681
01701646000
01701669401
01703128489
01703405060
01703862322
01704112515
01704169271
01704186226
01704739920
01704762864
01705040909
01705059495
01705470022
01705791272
01705947941
01706270626
01706381806
01706763501
01706833160
01706968983
01706995882
01707006596
01707033990
01707051792
01707078588
01707189059
01707224609
01707310784
01707332292
01707400005
01707590447
01707780202
01707945488
01708171727
01708334168
01708437621
01708455600
01708467848
01708515284
01708532550
01708791025
01708811190
01709857200
01709857201
01709995500
01709995551
01709995552
01709995553
01709995555
01709998383
01709998384
01709998385
01710007100
01710020548
01710084242
01710093782
01710122278
01710191276
01710210529
01710244272
01710262724
01710280499
01710409040
01710531931
01710621446
01710680201
01710743712
01710744126
01710777177
01710778710
01710825111
01710826986
01710833841
01710844444
01710853450
01710877588
01710908272
01710920805
01710933837
01710972195
01710981338
01710997537
01710999901
01711000654
01711000666
01711000933
01711002011
01711003845
01711008280
01711009263
01711013567
01711013932
01711017562
01711020035
01711027881
01711038042
01711041434
01711045962
01711047733
01711049638
01711053063
01711054920
01711057868
01711059298
01711059600
01711063783
01711066824
01711070388
01711071155
01711082359
01711092451
01711100114
01711101083
01711104165
01711110069
01711111138
01711111423
01711111639
01711112369
01711114361
01711116175
01711118125
01711119283
01711129298
01711131207
01711135498
01711137097
01711139111
01711139278
01711143991
01711144179
01711147453
01711148557
01711152160
01711152769
01711153417
01711156175
01711164956
01711164963
01711166543
01711166561
01711169395
01711170061
01711170109
01711173700
01711176413
01711177129
01711178520
01711184132
01711185871
01711187422
01711188615
01711192603
01711202874
01711203972
01711204512
01711206051
01711207795
01711209097
01711210816
01711222902
01711230006
01711236090
01711236219
01711238871
01711238872
01711239140
01711239525
01711239886
01711240538
01711244593
01711244875
01711246961
01711247713
01711266400
01711275107
01711275840
01711279406
01711281200
01711285844
01711298629
01711298871
01711301612
01711306017
01711306143
01711308754
01711313710
01711315629
01711315983
01711318232
01711319225
01711321733
01711326120
01711328040
01711330005
01711330545
01711330958
01711331236
01711331298
01711335705
01711338518
01711339910
01711341082
01711341416
01711343668
01711345566
01711346991
01711347138
01711350065
01711351028
01711352888
01711354460
01711356313
01711356864
01711356865
01711362689
01711364720
01711365042
01711366751
01711367171
01711368670
01711375264
01711375976
01711378287
01711378502
01711385849
01711387435
01711388286
01711391733
01711391889
01711392358
01711393053
01711394318
01711398284
01711401714
01711403548
01711425574
01711430707
01711431859
01711432906
01711436065
01711442166
01711443462
01711445742
01711446049
01711450101
01711451804
01711452393
01711452688
01711454869
01711454873
01711460645
01711462367
01711468368
01711468739
01711471397
01711474891
01711476123
01711479991
01711482374
01711485222
01711486237
01711489055
01711500009
01711504516
01711505320
01711506581
01711507281
01711520071
01711520180
01711520259
01711520267
01711520275
01711520537
01711520842
01711521165
01711521592
01711521696
01711521872
01711521964
01711521995
01711522098
01711522441
01711522510
01711522742
01711523225
01711524223
01711525040
01711525196
01711525679
01711525717
01711525899
01711525993
01711526072
01711526078
01711526088
01711526292
01711526320
01711526583
01711526984
01711527006
01711527014
01711527183
01711527299
01711527434
01711527541
01711527783
01711527980
01711528475
01711530148
01711530234
01711530307
01711530452
01711530470
01711530509
01711530620
01711530685
01711530901
01711531423
01711531582
01711531697
01711531801
01711532095
01711532336
01711532465
01711532597
01711533602
01711534197
01711534416
01711535348
01711535686
01711535770
01711536097
01711536323
01711536334
01711536779
01711536780
01711537136
01711537255
01711537431
01711537787
01711537888
01711538073
01711538122
01711538673
01711538816
01711538838
01711538927
01711538969
01711540756
01711540798
01711541217
01711541620
01711541951
01711542389
01711542803
01711544020
01711544115
01711545186
01711546040
01711547767
01711547804
01711548121
01711548513
01711557070
01711560244
01711560452
01711560615
01711560794
01711561128
01711562229
01711563660
01711563661
01711563673
01711563841
01711563976
01711563977
01711566504
01711566538
01711566924
01711567343
01711567585
01711567790
01711568305
01711568411
01711568751
01711573841
01711575775
01711579182
01711582985
01711584710
01711590478
01711591731
01711592175
01711592645
01711593459
01711593581
01711594112
01711595013
01711601004
01711603942
01711609030
01711611176
01711615575
01711615717
01711615948
01711618090
01711624955
01711625347
01711627070
01711629678
01711635903
01711635904
01711636208
01711636827
01711636884
01711639181
01711642779
01711664030
01711666999
01711672786
01711676377
01711680141
01711682184
01711687829
01711696204
01711696205
01711696517
01711696612
01711697781
01711702072
01711704054
01711704549
01711717543
01711731415
01711731448
01711734043
01711748020
01711760970
01711780878
01711780930
01711786824
01711795899
01711801967
01711806123
01711807169
01711810498
01711815920
01711817087
01711819666
01711821258
01711822223
01711822442
01711823757
01711829231
01711831026
01711831653
01711834772
01711837198
01711840822
01711843655
01711843735
01711845921
01711848940
01711850011
01711861202
01711862106
01711874084
01711874954
01711876561
01711896838
01711898670
01711922229
01711924647
01711927821
01711934280
01711936167
01711936185
01711939174
01711944046
01711948833
01711949424
01711951112
01711951789
01711952479
01711955080
01711956162
01711956838
01711960794
01711964669
01711968472
01711968574
01711970214
01711977814
01711978479
01711983949
01711986040
01711987978
01711988642
01711989498
01711991441
01711991723
01711998603
01712001461
01712001884
01712014960
01712024079
01712024146
01712024303
01712025842
01712028285
01712029123
01712031186
01712033424
01712033827
01712041992
01712042561
01712046612
01712046776
01712047941
01712048020
01712054592
01712056086
01712056890
01712062276
01712068242
01712069539
01712073797
01712076011
01712080056
01712103180
01712107870
01712108921
01712110290
01712110940
01712117559
01712118719
01712121118
01712123101
01712127167
01712128961
01712134637
01712139493
01712144910
01712147212
01712149673
01712150624
01712150934
01712169020
01712172976
01712175703
01712185199
01712188787
01712193571
01712202457
01712216911
01712220615
01712235866
01712236015
01712239654
01712253853
01712266955
01712273333
01712282410
01712283053
01712285245
01712293107
01712306599
01712310311
01712336582
01712341932
01712343847
01712360283
01712363550
01712391494
01712397946
01712441719
01712452430
01712467372
01712471328
01712471628
01712491111
01712502585
01712511185
01712525100
01712526847
01712534793
01712557020
01712557891
01712558303
01712561671
01712562052
01712571629
01712582122
01712589690
01712593073
01712595617
01712599396
01712602532
01712604343
01712620127
01712626201
01712632678
01712637454
01712642626
01712643663
01712644209
01712650270
01712654903
01712672203
01712672294
01712679719
01712681339
01712692096
01712726752
01712744488
01712744666
01712751866
01712757864
01712760696
01712764070
01712768388
01712772985
01712775996
01712779084
01712783878
01712783992
01712785092
01712793306
01712794396
01712796536
01712813367
01712815172
01712834017
01712835118
01712835259
01712848959
01712850114
01712860262
01712862351
01712863168
01712863900
01712868486
01712868884
01712871185
01712877592
01712886387
01712895315
01712898955
01712902510
01712908025
01712910789
01712919636
01712919824
01712926958
01712936303
01712944279
01712947967
01712949760
01712950306
01712980481
01712994441
01712995552
01712996227
01713000720
01713001710
01713001834
01713002110
01713003224
01713004250
01713004959
01713005656
01713007091
01713008343
01713009098
01713009235
01713009282
01713009461
01713009595
01713009945
01713011004
01713011140
01713011360
01713011899
01713012417
01713013232
01713013979
01713014665
01713014815
01713014842
01713014848
01713015272
01713015512
01713015836
01713015994
01713016513
01713016973
01713017182
01713017183
01713017741
01713017950
01713019184
01713020022
01713020646
01713027242
01713027450
01713027521
01713027771
01713030078
01713030203
01713030351
01713031704
01713031965
01713032232
01713032437
01713034802
01713034830
01713036306
01713036485
01713036853
01713037043
01713037221
01713037302
01713037303
01713037328
01713037403
01713037646
01713038010
01713039061
01713039822
01713039961
01713041470
01713042122
01713043756
01713044369
01713044453
01713044624
01713044830
01713046389
01713046456
01713046999
01713047005
01713047552
01713047666
01713048789
01713060704
01713060922
01713062428
01713063134
01713063265
01713064448
01713066144
01713067767
01713068939
01713078270
01713082106
01713083664
01713084258
01713090032
01713092300
01713105170
01713113113
01713115448
01713116070
01713118293
01713122282
01713125871
01713126800
01713129670
01713141144
01713141311
01713144234
01713148849
01713160501
01713161116
01713173256
01713174747
01713175445
01713177134
01713190002
01713197650
01713199296
01713204688
01713209162
01713209173
01713210349
01713215065
01713229756
01713229799
01713230055
01713230461
01713240701
01713240707
01713243667
01713249750
01713249757
01713259935
01713264046
01713272038
01713273949
01713289544
01713301097
01713303124
01713303275
01713312197
01713312221
01713315288
01713339905
01713339998
01713363738
01713365213
01713368847
01713368998
01713370722
01713376370
01713379649
01713388777
01713395050
01713397550
01713401914
01713403653
01713408116
01713413131
01713415215
01713415507
01713428928
01713431297
01713432890
01713452531
01713456140
01713463288
01713478283
01713482048
01713482056
01713484330
01713493190
01713493193
01713505081
01713525654
01713527969
01713533944
01713537562
01713572192
01713582417
01713600473
01713611978
01713648008
01713648602
01713726191
01713771389
01713805362
01713922108
01713932151
01714004107
01714004403
01714013001
01714040404
01714048019
01714052554
01714072530
01714074078
01714074437
01714075265
01714078542
01714081082
01714085313
01714088302
01714092903
01714094991
01714109179
01714113526
01714117792
01714134424
01714152531
01714222097
01714223110
01714224639
01714236777
01714245288
01714255830
01714275114
01714277178
01714279658
01714297069
01714339056
01714353711
01714354220
01714396123
01714417360
01714420001
01714449473
01714455212
01714469798
01714494829
01714551555
01714673015
01714747557
01714836085
01714900591
01714908125
01714929107
01715004173
01715006872
01715007252
01715011585
01715013358
01715015365
01715015775
01715015942
01715016193
01715023142
01715023321
01715024876
01715026713
01715028077
01715030596
01715032811
01715033838
01715035058
01715038308
01715040390
01715042225
01715042386
01715048855
01715054279
01715054769
01715065065
01715068282
01715072963
01715076566
01715077707
01715079733
01715084331
01715098141
01715101975
01715104992
01715106771
01715111017
01715130758
01715131153
01715131200
01715143685
01715160885
01715167958
01715175870
01715192466
01715200198
01715222156
01715227014
01715240670
01715240672
01715253299
01715253913
01715257187
01715272121
01715275422
01715280057
01715284151
01715291006
01715293500
01715295372
01715301314
01715302230
01715304843
01715314898
01715317527
01715338385
01715340977
01715347884
01715370381
01715394638
01715427556
01715448159
01715456031
01715468963
01715498987
01715501845
01715507856
01715512519
01715520449
01715524089
01715540216
01715564243
01715565158
01715567025
01715567910
01715596219
01715602204
01715604427
01715604784
01715605178
01715642162
01715653946
01715655321
01715662480
01715665037
01715666650
01715678086
01715696977
01715697152
01715714991
01715724113
01715743881
01715759827
01715760307
01715760365
01715766670
01715770217
01715770550
01715808264
01715822782
01715827375
01715836984
01715875676
01715882281
01715911066
01715913309
01715933084
01715941098
01715948290
01715954985
01715991000
01716000040
01716000777
01716012726
01716064264
01716079673
01716105173
01716113952
01716122526
01716123357
01716132027
01716135190
01716149153
01716161900
01716169929
01716201850
01716207403
01716213278
01716214676
01716237058
01716248088
01716268843
01716287272
01716295623
01716303720
01716309486
01716321269
01716323729
01716325160
01716331919
01716333706
01716344951
01716356633
01716356920
01716357621
01716364200
01716370889
01716386198
01716403038
01716408177
01716414390
01716429307
01716438162
01716457763
01716458644
01716461181
01716483111
01716487948
01716493131
01716513375
01716530452
01716532050
01716563216
01716573847
01716577923
01716579806
01716615831
01716617233
01716630067
01716633508
01716635147
01716645644
01716655804
01716665237
01716693782
01716731398
01716733074
01716756661
01716800834
01716835138
01716841503
01716854944
01716862887
01716868900
01716873388
01716888895
01716897676
01716905478
01716905994
01716908665
01716912806
01716917754
01716919378
01716994588
01717000800
01717006120
01717040353
01717051387
01717067660
01717068205
01717098787
01717104758
01717106293
01717114978
01717117223
01717131570
01717141905
01717142409
01717147306
01717157398
01717157421
01717175350
01717221398
01717225483
01717241284
01717246397
01717255512
01717264314
01717266026
01717319790
01717320503
01717322840
01717368484
01717406109
01717414903
01717426494
01717442250
01717448772
01717449454
01717451299
01717467189
01717472155
01717486612
01717493888
01717504604
01717518652
01717572528
01717586186
01717591960
01717625030
01717636665
01717642964
01717656884
01717716162
01717764692
01717800368
01717848275
01717860631
01717875549
01717876664
01717905053
01717921452
01717933119
01717945075
01717981544
01717984427
01717995994
01718040998
01718084313
01718137081
01718158397
01718192847
01718200168
01718212155
01718223074
01718237773
01718239888
01718335197
01718374020
01718443892
01718451727
01718462785
01718504807
01718521216
01718524639
01718585810
01718629197
01718638777
01718649434
01718654907
01718696008
01718724142
01718733001
01718844326
01718874844
01718877777
01718881333
01718910794
01719037968
01719058514
01719066616
01719202763
01719206876
01719245688
01719248776
01719294411
01719322533
01719326084
01719335216
01719335239
01719363001
01719407733
01719411418
01719424289
01719452200
01719452846
01719474060
01719518166
01719522919
01719600155
01719657125
01719697449
01719783258
01719824262
01719899188
01719943697
01719976567
01719984741
01720011747
01720012715
01720014940
01720022112
01720034798
01720054388
01720064300
01720070306
01720110332
01720127189
01720169021
01720169929
01720254546
01720288850
01720307800
01720507560
01720508366
01720512442
01720546072
01720549452
01720556041
01720561891
01720563150
01720573560
01720575555
01720592747
01720593013
01720599084
01720616108
01720641151
01720675264
01720906685
01720983505
01720993003
01721080785
01721123831
01721156676
01721210243
01721261526
01721376722
01721533844
01721553429
01721590902
01721625934
01721663552
01721717609
01721718218
01722000058
01722030350
01722096483
01722101010
01722163123
01722288231
01722318916
01722449611
01722450929
01722512512
01722559955
01722679460
01722762796
01722898688
01722944468
01723172716
01723313482
01723357581
01723371621
01723434241
01723772013
01723841920
01723929065
01723946621
01723982023
01724052283
01724139563
01724147274
01724160936
01724302544
01724338507
01724440555
01724471843
01724541189
01724708708
01724764928
01724896641
01724938384
01724979406
01725010037
01725105020
01725107667
01725315103
01725378867
01725615307
01725862222
01726128567
01726138325
01726179432
01726334455
01726388754
01726415184
01726442172
01726508221
01726598242
01726600747
01726641120
01726707561
01726755906
01726778571
01726810820
01726944646
01726969949
01727003581
01727143962
01727208663
01727238785
01727412856
01727426012
01727559134
01727583616
01727641010
01727673541
01727743605
01727743693
01727755554
01727773104
01727777077
01727777361
01727777373
01727855919
01727934758
01727935547
01727970366
01727983312
01728190963
01728222410
01728278339
01728305572
01728433833
01728470875
01728677429
01728726283
01728901844
01729138589
01729333519
01729476077
01729549330
01729739313
01729977886
01730000278
01730000605
01730013838
01730022058
01730031925
01730033006
01730047783
01730049700
01730050395
01730058098
01730066366
01730067504
01730067535
01730069315
01730076000
01730111115
01730134421
01730171918
01730179181
01730183102
01730303350
01730311602
01730311603
01730312022
01730317703
01730317731
01730317768
01730318259
01730326750
01730333525
01730341581
01730358079
01730373019
01730433474
01730446678
01730448922
01730450303
01730452155
01730461259
01730588887
01730857470
01730906598
01730907090
01730993770
01731013105
01731101138
01731146428
01731196867
01731237323
01731315010
01731361761
01731391221
01731438499
01731583024
01731661099
01731756161
01731814219
01731894658
01731955173
01732310805
01732333337
01732377892
01732453376
01732503164
01732737244
01732742026
01732759888
01732804101
01733042135
01733110050
01733185163
01733331861
01733343332
01733349598
01733351610
01733521107
01733696961
01733717999
01733900002
01733983450
01734160773
01734255255
01734282040
01734288923
01734555557
01734568185
01734799980
01735181356
01735285960
01735298441
01735552012
01735781094
01735822598
01735825825
01735959991
01735993101
01736116063
01736237613
01736665838
01736669111
01737199650
01737396600
01737435268
01737588636
01737851915
01737868688
01738048080
01738487555
01738575386
01738703571
01739188378
01739378944
01739818812
01739819764
01739832297
01739890078
01740316436
01740369827
01740566032
01740639429
01740916268
01740920420
01740985545
01740995885
01741129212
01741396328
01741484044
01741738288
01741952829
01741987545
01742151213
01742888638
01742932326
01742945296
01743003796
01743104708
01743261222
01743480742
01743496843
01744201501
01744293535
01744333320
01744338176
01744342679
01744556699
01744653435
01744691103
01744763903
01745103162
01745152533
01745173764
01745441700
01745721721
01745991130
01746312376
01746609788
01746631005
01746655678
01746971810
01746986727
01747168090
01747184891
01747489300
01747505800
01747693430
01747821100
01747907599
01747993716
01748094107
01748281222
01748325747
01748327044
01748535119
01748949845
01748964993
01748988477
01748991950
01749276899
01749472603
01749509069
01749858837
01750000144
01750056165
01750242685
01750635424
01751088825
01751158550
01751170002
01751441239
01751540460
01751733554
01752269393
01752576328
01752955816
01753021955
01753153515
01753248170
01753446678
01753575494
01753586767
01753597972
01753907250
01754131913
01754148450
01754501050
01754592963
01754699377
01755222000
01755229844
01755450780
01755500001
01755500158
01755501619
01755507056
01755510901
01755513839
01755522273
01755532345
01755546303
01755567463
01755567490
01755568432
01755598505
01755600840
01755601373
01755615929
01755619186
01755626378
01755630223
01755639303
01755642568
01755655100
01755689699
01755886576
01756211277
01756403600
01756422701
01756873253
01756899305
01757327708
01757666699
01757776863
01757807383
01757819501
01757821008
01757966075
01758060825
01758094655
01758113213
01758367565
01758717663
01759100776
01759131460
01759191033
01759519797
01760329595
01760925648
01760972374
01761518888
01761577347
01761750127
01761764749
01761877728
01762118415
01762123425
01762221131
01762253539
01762547147
01763779911
01763919181
01764862253
01765003325
01765444350
01765796387
01766080288
01766145906
01766304591
01766556382
01766665131
01766666505
01766670020
01766673772
01767023602
01767333439
01767478747
01767804388
01768312312
01768442118
01768526587
01770171216
01770188324
01770551473
01770640000
01771111798
01771167034
01771335577
01771564000
01771600606
01771629060
01771629070
01771767090
01771953892
01772155973
01772280035
01772300950
01772333111
01772490900
01772579956
01772682809
01772724049
01772777224
01772963841
01773222666
01774006763
01774421821
01774953047
01775210710
01775540904
01775542952
01775846600
01775888777
01775939394
01775964965
01776369010
01776369871
01776888444
01776965449
01777121360
01777639453
01777661993
01777661999
01777700400
01777700444
01777700555
01777735362
01777751232
01777752920
01777770326
01777781400
01777813178
01777819101
01777835337
01777939653
01778016767
01778042323
01778409097
01778579077
01778724849
01778741539
01778835867
01778844200
01778855888
01779299629
01779383028
01779576063
01779603155
01779727933
01779800299
01779871392
01780000847
01780053693
01781156334
01781464844
01781560852
01781800112
01783000444
01783441122
01783505199
01783955076
01784842737
01785777722
01786012114
01786651985
01787192299
01787661812
01787672210
01787693378
01788989698
01789107107
01789115524
01789346121
01789387487
01789788755
01789788799
01789795906
01789990980
01790050901
01790581911
01790888222
01791099951
01791234499
01791234550
01791969359
01792086515
01792132797
01794101014
01794574483
01794601063
01794694330
01794946258
01795484649
01795775511
01795828122
01795934247
01796638077
01796886634
01797192081
01797477198
01798312641
01798365816
01799090042
01799185454
01799452846
01799646138
01799888883
01810022230
01811128015
01811189059
01811227090
01811227757
01811262525
01811351798
01811378947
01811422355
01811429587
01811444681
01811459759
01811481724
01811482899
01811486501
01811587855
01811678030
01811788850
01811910566
01811929500
01812091939
01812288708
01812454808
01812602255
01812651131
01812667788
01812699624
01812775061
01812849084
01813075555
01813091443
01813106960
01813196704
01813318756
01813333403
01813388994
01813612170
01813682323
01813897133
01814092605
01814200476
01814230609
01814409817
01814446288
01814536363
01814652488
01815000128
01815005141
01815043834
01815344977
01815419284
01815518425
01815561336
01815588449
01815694517
01815708737
01815719773
01815852862
01815950713
01816003722
01816125916
01816305336
01816311428
01816313131
01816340614
01816415884
01816437746
01816584144
01816719541
01816842856
01816849397
01816869394
01816902868
01816907270
01817005626
01817008108
01817014788
01817030154
01817033444
01817040801
01817045635
01817071072
01817082968
01817087628
01817102076
01817103320
01817110737
01817117617
01817208595
01817267096
01817294087
01817525133
01817540836
01817549695
01817571646
01817576269
01817580653
01817611878
01817676845
01817701892
01817709403
01817711552
01817711956
01817796485
01818003542
01818008008
01818069415
01818069794
01818111335
01818151269
01818209320
01818210340
01818220866
01818273817
01818278947
01818327949
01818330495
01818363604
01818371888
01818434343
01818446835
01818540233
01818564130
01818580890
01818614080
01818646818
01818654036
01818683537
01818744324
01818788323
01818843850
01818877202
01818934298
01818963849
01818981971
01818999578
01819007734
01819014577
01819029169
01819033066
01819095311
01819118565
01819118815
01819127446
01819134205
01819137267
01819142755
01819144039
01819157098
01819163137
01819173188
01819195424
01819195948
01819198958
01819200037
01819203586
01819207808
01819210428
01819210571
01819211484
01819212555
01819212742
01819213430
01819213725
01819214142
01819214527
01819214988
01819216017
01819216052
01819216211
01819216852
01819219292
01819219407
01819219523
01819219614
01819219758
01819220611
01819221139
01819221174
01819221392
01819221470
01819221677
01819224119
01819224205
01819224609
01819224701
01819225074
01819225098
01819225995
01819227037
01819227117
01819227742
01819228055
01819228870
01819229111
01819229527
01819229577
01819231209
01819231365
01819231477
01819231714
01819232353
01819234199
01819234343
01819239474
01819239764
01819242080
01819242424
01819242520
01819243069
01819243835
01819244062
01819244217
01819247488
01819247924
01819247929
01819251754
01819252760
01819253868
01819254090
01819254316
01819255477
01819255888
01819257810
01819259131
01819259926
01819260299
01819260636
01819269127
01819269867
01819273166
01819273955
01819274357
01819274862
01819275266
01819275393
01819281441
01819282540
01819282619
01819286617
01819289780
01819292109
01819292563
01819296339
01819296877
01819299877
01819299926
01819314020
01819316440
01819324191
01819326777
01819351327
01819360830
01819371888
01819381337
01819384646
01819384819
01819394146
01819394919
01819404192
01819404456
01819412190
01819415211
01819424429
01819428724
01819444142
01819450472
01819453568
01819454032
01819480434
01819488949
01819491881
01819494730
01819495387
01819497724
01819498545
01819498846
01819499079
01819529548
01819544982
01819570075
01819590929
01819608060
01819611767
01819612064
01819613200
01819620551
01819630465
01819637929
01819655575
01819660343
01819698263
01819760130
01819771777
01819780173
01819800236
01819805391
01819806202
01819806207
01819809406
01819827354
01819830508
01819834888
01819840708
01819846796
01819857128
01819865567
01819866113
01819872787
01819900812
01819907582
01819928885
01819940240
01819977779
01819978314
01820100288
01820202681
01820239499
01820312276
01820889234
01821298473
01821394671
01822695675
01822729739
01822875888
01822925642
01823036898
01823224516
01823553416
01823674439
01824211271
01824423366
01824521738
01824585658
01824856141
01824912912
01826206488
01826626839
01827885189
01827942383
01828080806
01828409949
01828665492
01829572757
01829967693
01830001429
01830128309
01830372516
01831143454
01831313401
01831895192
01832193311
01832324389
01832363937
01832947771
01833000587
01833101454
01833109778
01833320899
01833325743
01833683516
01833901345
01834898905
01834977440
01836913062
01837441061
01839301883
01839570175
01840325244
01841000606
01841095254
01841109179
01841177933
01841226644
01841241135
01841274059
01841299061
01841341136
01841488787
01841523782
01841628882
01841713172
01841838967
01841900939
01841949080
01841994071
01842000003
01842004403
01842446109
01842704617
01842749125
01842783868
01842828087
01842850353
01842858841
01843433838
01843675051
01843922810
01844020800
01844135341
01844143444
01844279531
01844279532
01844672233
01844908855
01845966854
01845995566
01847100158
01847120148
01847247594
01847284406
01847289307
01847304587
01847348100
01847461980
01848305030
01849336470
01849342649
01849537949
01850127344
01850500026
01850645631
01851117838
01851522156
01852013486
01854555534
01854739701
01854948171
01855111777
01855506404
01855666655
01856415671
01856442929
01859577278
01861939385
01863140879
01863149130
01864212412
01864444937
01866504464
01866555000
01867824656
01868366038
01868368929
01869011111
01869433161
01869870412
01871512230
01872176467
01873517118
01873527333
01874034219
01874050825
01877424432
01877757185
01878366006
01878566030
01878876838
01879614571
01881560234
01883635205
01883685966
01884205969
01886004959
01886141632
01886580001
01888112800
01888815005
01894448521
01894877690
01896106060
01902915818
01903011600
01905405457
01906044436
01906373370
01910006333
01910026090
01911033452
01911045610
01911048909
01911097259
01911111426
01911117970
01911121242
01911141415
01911196678
01911270416
01911272049
01911293329
01911305769
01911311111
01911316171
01911320146
01911320294
01911321645
01911327512
01911328002
01911333220
01911340054
01911340078
01911340617
01911341202
01911341293
01911341613
01911341654
01911341770
01911341965
01911342455
01911350082
01911350461
01911358116
01911365371
01911365678
01911367707
01911381063
01911383638
01911385441
01911386815
01911396494
01911399918
01911400566
01911403429
01911425595
01911444466
01911446713
01911449778
01911482791
01911484455
01911486600
01911490743
01911496184
01911496979
01911523849
01911531967
01911555181
01911570656
01911574331
01911575774
01911618920
01911668827
01911689764
01911700013
01911704523
01911707020
01911722222
01911727796
01911731618
01911734170
01911738373
01911751762
01911770014
01911772777
01911868644
01911883046
01911883064
01911916696
01911923373
01911960760
01911976267
01912004438
01912008855
01912024291
01912055912
01912073204
01912079160
01912084578
01912122166
01912128524
01912130445
01912141414
01912148569
01912167988
01912242087
01912340792
01912352030
01912409956
01912438838
01912477217
01912486669
01912490620
01912499989
01912514736
01912646705
01912742281
01912778173
01912785896
01912839777
01912840935
01912881685
01912889882
01912905635
01912919650
01912934970
01912987952
01912997722
01913041796
01913090923
01913145057
01913208040
01913265911
01913297502
01913313029
01913336252
01913336449
01913372200
01913387640
01913392110
01913460470
01913464295
01913508600
01913510533
01913523332
01913538870
01913538988
01913565517
01913634528
01913651485
01913732222
01913742735
01913776955
01913800830
01913821590
01913825435
01913850353
01913859157
01913859464
01913859697
01913869991
01913886583
01913957425
01914099660
01914123036
01914208435
01914234256
01914254091
01914272071
01914285404
01914338450
01914340065
01914444313
01914466030
01914652063
01914678080
01914682347
01914686399
01914737457
01914738750
01914738856
01914811536
01914835106
01914854226
01914954008
01915052186
01915069253
01915085088
01915331823
01915416734
01915438788
01915471747
01915471757
01915471769
01915568568
01915658648
01915660170
01915678566
01915693679
01915701790
01915714545
01915731717
01915762180
01915799982
01915801854
01915817966
01915829757
01915844444
01916090820
01916167101
01916178126
01916212094
01916270008
01916272337
01916312410
01916321321
01916404041
01916410032
01916581863
01916590447
01916626248
01916668690
01916705900
01916747010
01916776433
01916811389
01916817566
01916846973
01916892110
01916974218
01917013662
01917191996
01917210000
01917219648
01917274545
01917283754
01917332882
01917338590
01917540000
01917577109
01917628343
01917721427
01917741074
01917995005
01918088996
01918132787
01918177856
01918178606
01918242898
01918286683
01918333266
01918400754
01918726658
01918941940
01919004263
01919009398
01919063783
01919081173
01919087872
01919099893
01919117559
01919148849
01919221139
01919221392
01919221470
01919231209
01919249227
01919331298
01919333858
01919404952
01919416417
01919520259
01919522671
01919552307
01919575496
01919656598
01919658663
01919722562
01919727570
01919757695
01919827396
01919923115
01919931594
01919968025
01920301559
01920545773
01920755030
01920865672
01920911282
01921000666
01921080148
01921179116
01921314681
01921464348
01921477854
01921682089
01921852060
01922079666
01922093857
01922110307
01922123589
01922449668
01922535544
01922630000
01922689080
01922813645
01922827987
01922856633
01923021467
01923030111
01923144100
01923223223
01923226017
01923346111
01923580507
01923616605
01923717508
01923755688
01924094876
01924262102
01924296939
01924485134
01924887733
01924965568
01925061244
01925311422
01925614807
01925992999
01926171990
01926201311
01926307866
01926423164
01926667001
01926681071
01926681909
01926874342
01927090318
01927382815
01927383144
01927923552
01928517742
01928678930
01928700017
01929360846
01932092805
01932493801
01932713110
01933301456
01933301563
01933335365
01933344488
01933523731
01933724257
01933836505
01934447370
01934500600
01935468973
01936111055
01936385540
01936442772
01937045191
01937274373
01937846628
01937900085
01938671948
01938844888
01939218892
01939607396
01940462565
01940952484
01940964775
01941010011
01941110111
01941452969
01942212894
01942504030
01942783324
01942861708
01944000020
01944111122
01944444666
01944484848
01944551959
01944669001
01945918400
01946434763
01946466351
01946900900
01948100104
01948614983
01949503600
01950303698
01952273428
01952372614
01953962139
01954680868
01955129887
01955559305
01955919191
01955996905
01956006926
01956563795
01956666777
01956803378
01957063142
01957469186
01959333444
01959747879
01959894301
01960403393
01961105555
01962418090
01963910660
01966121212
01966777999
01966995673
01967103051
01969378813
01970000270
01970000912
01970004005
01970009701
01970050081
01970168768
01970317775
01970989233
01971321743
01971368323
01971401714
01971546019
01971563673
01971887054
01971916940
01972040101
01972202020
01972406223
01972471754
01972479104
01972605760
01972704054
01972709365
01972868888
01973037750
01973044998
01973333110
01973432326
01973450087
01973868888
01973910660
01974102173
01974888508
01975000222
01975000800
01975144424
01975391188
01975581333
01975700750
01975751751
01975882211
01976135190
01976800834
01976835583
01977046624
01977070130
01977107597
01977212221
01977262626
01977442250
01977542620
01977550634
01977567790
01977646434
01977674044
01977711071
01977711770
01977727753
01977773373
01977776677
01977811077
01977912345
01978227751
01978503150
01978741620
01978834190
01978889991
01978981972
01979044369
01979100099
01979214437
01979222437
01979225995
01979250889
01979415215
01979472300
01979666696
01979999722
01980007002
01980007004
01980007014
01980007108
01980909091
01981610231
01984882354
01985936582
01987148367
01988181920
01988882828
01991898978
01992541145
01994303920
01995540881
01997997997
01999097229
01999422522
01999951000
01999951040
01999988443
01999995710