01777735174
01711333081
01705293878
01712261633
01741947606
01728080016
01726453007
01770548142
01716143414
01866616158
01718588856
01718588856
01747704477
01918968437
01709287853
01795211511
01722228777
01789803706
01710532443
01756484848
01768912832
01714660616
01749596675
01724768783
01717407933
01972255021
01962314464
01917125389
01724263681
01716023002
01715035523
01681161180
01711575095
01716768757
01833742623
01911969432
01752917051
01715472019
01308682785
01709646350
01313451220
01700802726
01778191042
01707080846
01771177213
01750008177
01971841599
01730189152
01707622220
01308682785
01792769179
01712920768
01308533532
01749552349
01856699911
01929291785
01733618238
01912708748
01923197735
01719085356
01719084022
01198143888
01711006026
01811445010
01971520034
01678040856
01712491803
01730021341
01711181798
01750095340
01727507479
01719589752
01712927904
01715019186
01555012500
01713674192
