01872734486
01798418363
01729151989
01859555505
01966667677
01708561671
01831331477
01974246663
01974246663
01750076933
01811020077
01872734484
01708344209
01714066151
01712848394
01951119900
01770682716
01922117099
01958579933
01760631070
01872734489
01989000555
01762682703
01730020313
01990437919
01985555065
01748470766
01977775441
01715046114
01755557942
01998888777
01710912276
01975559255
01844152844
01717751336
01955561288
01777744320
01787687010
01713658848
01779869290
01711679976
01309552872
01914588419
01787680854
01717609022
01966615591
01708800749
01822894062
01904466654
01715046114
01711537845
01713658848
01770792350
01974225555
01714066151
01841103333
01741395659
01841399999
01969404414
01721595568
01853580965
01811459054
01811459054
01619116777
01831331477
01813777111
01799602535
01841110991
01811408402
01845854624
01675263922
01713477566
01747906414
01711545004
01713435356
01919777766
01713162619
01713659024
01670433322
01813777111
01633817161
01935999444
01825923982
01977775441
01823233285
01705459009
01703258928
01977753575
01715619989
01841220522
01713332651
01926633854
01713332651
01817678770
01761334472
01828581758
01713277688
01857421507
01755582696
01715023716
01718962156
01970555044
01847132822
01919484448
01670433322
01761646834
01787680886
01951177515
01611664720
01718774774
01738994444
01914392889
01711436856
01970402222
01711993798
01978616164
01713382609
01714448812
01714448812
01845854624
01975006314
01926679610
01716756599
01766485028
01785971534
01707404099
01841399999
01927037576
01924304304
01926633893
01903555666
01708563557
01819458092
01710974741
01617722301
01746222354
01817019200
01974225555
01628168888
01713656900
01884711544
01313414435
01730971797
01784127555
01708563557
01733503960
01833103207
01707388780
01742427742
01711127941
01778471571
01780330099
01711080452
01936010660
01883001910
01926633854
01723051483
01911381232
01713332502
01712917184
01977152324
01313414435
01797270705
01742427742
01711127941
01778471571
01780330099
01711080452
01936010660
01883001910
01926633854
01723051483
01911381232
01713332502
01712917184
01977152324
01313414435
01797270705


















































































































