01844019236
01980003000
01729151989
01929115373
01844019236
01937402949
01772224281
01705566335
01886151821
01871004007
01762682703
01714066151
01755646813
01811020077
01787680928
01958579933
01777756298
01684788937
01703234583
01835375206
01952777999
01955561288
01713656900
01966667677
01755582696
01713656900
01966667677
01755582696
01914588419
01831331477
01974246663
01975559255
01758505050
01715023716
01811020077
01953939393
01715046114
01845854624
01710912276
01618961238
01711545004
01765827043
01787680886
01822894062
01777909040
01799602535
01990437919
01974225555
01903555666
01958579933
01711436856
01633817161
01761334472
01823233285
01713162619
01966615591
01841399999
01711993798
01813777111
01670433322















































































