8801713558844
8801766212131
8801715235155
8801713200185
8801785666111
8801738695725
8801842227742
8801712704973
8801716324259
8801710870431
8801712181863
8801199381103
8801715112614
8801717232308
8801775883355
8801756635551
8801723429281
8801738593466
8801711479911
8801848105720
8801715027967
8801736335264
8801716535956
8801849753585
8801701979718
8801723454586
8801783214646
8801713270283
8801723112087
8801716726514
8801707009217
8801923100400
8801933009977
8801938844500
8801796336836
8801711197012
8801930111666
8801733200180
8801711271185
8801741825299
8801733627929
8801712027722
8801709932251
8801710809337
8801935666999
8801843999453
8801611454439
8801700763512
8801764543535
8801966616661
8801725988211
8801762225807
8801758366051
8801972552233
8801720055855
8801713289988
8801825923989
8801714113196
8801757294061
8801618366051
8801918770001
8801708169697
8801720115611
8801711860719
8801715771515
8801988330000
8801732887799
8801711170649
01732521152
01711233332
01916247967
01711346702
01910001000
01713177766
01787333544
01711399380
01708033544
01736277044
01787333544
01711966903
01617005511
01708033544
01736277044
01749014306
01711966903
01719333555
01765022984
01718316202
01712150650
01966779999
01728224111
01623765291
01611242334
01988330000
01711446945
01786493700
01711859334
01317396600
01716833633
01736284156
01910001000
01715273446
01711390039
01719896788
01729157860
01759046066
01775718000
01713005821
01730793501
01732618789
01713242334
01880216593
01788855123
01516784961
01711438803
01765308848
01768883001
01746863300
01716750808
01762225807
01740549767
01796336836
01717723918
01711271185
01930111666
01726538440

01711889555
01713428116
01711178711
01845436222
01988330000
01850692264
01711819025
01710914448
01884808039
01783838871
01903731333
01830221175
01913531483
01817712355
01811446506
01958146162
01991139143
01710469715
01755554555
01966779999
01913218116
01730707422
01935142275
01755564382
01778379944
01733393211
01855438638
01820141995
01711738887
01975006247
01887789844
01812965252
01977322461
01845436222
01988330000
01818463986
01678060107
01845995575
01966779999
01828866000
01988330000
01845779999
01791688501
01551712111
01758554466
01911810449
01930440000
01531411111
01730045050
01551712211
01912782398
01730401040
01865246101
01817716916
01831820713
01771358103
01919039974
01720655842
01715410753
01717472623
01855556080
01751783181
01711030679
01712040777
01748948555
01720504033
01865050735
01627366399
01708777774
01755660051
01775609915
01715755112
01930123850
01715946471
01716725239
01812965252
01716564495
01819809057
01840477978
01763832830
01777744034
01726000077
01938846777
01819321888
01751552517
01619847001
01707854565
01616200500
01777631691
01612711900
01755598420
01716742464
01797586509
01988330000
01678090997
01716559662
01936444777
01922118821
01911711900
01966110000
01795994087
01779803971
01689777444
01556347711
01767723943
01849900000
01615121777
01785050999
01784302917
01715878809
01730880891
01864621610
01797585851
01826981981
01878556335
01819548434
01834598947
01851234004
01713160167
01777786232
01991139020
01972090952
01778909161
01761492313
01819118858
01972090950
01833313001
01715878809
01745155035
01975616807
01831878833
01819548434
01711785381
01741995584
01777744040
01703420430
01930440000
01825552559
01812965252
01876791576
01862121666
01828718472
01915458398
01701646797
01755521726
01713488833
01558111999
01642366034
01989112944
01714406429
01812585854
01710303090
01787300000
01734098972
01855708855
01926541633
01766067782
01819173430
01700707777
01619717279
01911711900
01875000020
01713185426
01619898240
01820202019
01678090991
01860075967
01825923982
01632521806
01632964036
01623765291
01903122810
01731009229
01793100000
01618889488
01989112944
01812434390
01713048698
01812965252
01941144940
01730051005
01613339696
01781813360
01817060065
01844488085
01844488085
01815648731
01711232917
01717000966
01883685637
01760631070
01713019449






