01844019235
01711167948
01741188007
01711167880
01730012001
01613555953
01799611607
01725067720
01735544650
01766755755
01711335658
01912877811
01717629225
01558997641
01772817806
01712852342
01911723629
01705358622
01403168950
01672471648
01775218266
01718342188
01718724599
01817619020
01946775407
01929327905
01790677444
01868579779
01711007120
01845973761
01711167948
01715133507
01713514404
01715129840
01911907334
01794543323
01719437888
01718290447
01799344810
01842401350
01718290447
01792611592
01711178191
01677730140