01711527404 
01711848027
01552337899
01912030660
01911350958
01554343324
01819328525
01819244020
01711322222
01711527544
01911348062
01819216712
01819225160
01715402540
01711684112
01711546848
01715280059
01711128075
01711574255
01199870027
01720507936
01711560396
01711560396
01711560396
01711560396
01917764433
01711640447
01711529514
01711540992
01711389869
01818012878
01711802328
01199049531
01711316351
01911354733
01715129546
01911342706
01711524189
01716155674
01720088323
01712571106
01711567024
01713016077
01713002574
01711362795
01713201531
01199854378
01711545000
01713016077
01711338360
01711338361
01911349970
01712413654
01817585700
01711529436
01819275791
01911349970
01819227400
01911355737
01713008206
01819312456
01819822678
01713013854
01711832973
01835858833
01711024430
01711525641
01911355152
01911347152
01819242787
01711530029
01712902970
01618900555
01618900556
01618900557
01751642758
01819808564
01711542060
01711660383
01711301182
01819225160
01199025662
01711526030
01199809280
01819215103
01711323449
01911313141
01911399109
01711639733
01199873387
01711526158
01711525353
01711920648
01715129546
01819466257
01914744023
01711709922
01713458177
01819211011
01819318682
01711544240
01711804306
01819212687
01911349970
01711823924
01746247766
01711520636
01711676492
01711612752
01711852784
01711126714
01819225800
01711393054
01712297184
01819312456
01711335132
01715010434
01715010434
01819128757
01711525042
01819272160
01716203193
01937704441
01937705001
01727761725
01731666179
01819217763
01713038382
01711547472
01711529455
01711865112
01711865112
01713002838
01711321217
01716979891
01913227747
01913227747
01716979891
01711523057
01670964966
01819932146
01713148234
01920919366
01731180042
01911317606
01817645656
01913387249
01552455070
01554343228
01711394709
01876216120
01727306615
01711529502
01716628704
01711322295
01711322295
01711382268
01712168124
01199057855
01819475427
01199267977
01819088743
01199859028
01911388432
01775289431
01711353865
01199866966
01711377417
01819224098
01713042462
01716095535
01199839742
01716399842
01199064693
01711325689
01911343152
01819103422
01911385257
01755662244
01777777212
01911349970
01911349970
01711563175
01712013939
01911381546
01911360305
01819225800
01711802046
01711336043
01711686763
01711670197
01711532355
01711951806
01711336043
01714025461
01714025461
01711527002
01711523110
01819491543
01711639243
01912030660
01711567537
01711539019
01912030660
01711545102
01711586107
01711538457
01819200983
01819444454
01711522482
01711522482
01819200983
01711860392
01713005381
01711561687
01712158809
01714005074
01199049531
01711528435
01770341611
01714021289
01883796611
01786504340
01786504341
01710955188
01783877631
01783877632
01783877633
01783877634
01771797671
01832200442
01832200440
01755511999
01678329912
01911348967
01711536427
01978090878
01840444440
01711520291
01911320258
01711749615
01711836329
01711521786
01911381343
01819548405
01711275191
01711264185
01911388432
01715785044
01711331158
01711749615
01711749615
01199739011
01711196280
01911322541
01713012998
01199739011
01711196280
01711196280
01713012998
01911322541
01819249262
01711400501
01724979415
01911349537
01919275215
01819275212
01711534433
01711335979
07175157722
01817046685
01190877772
01966186618
01716623665
01675587273
01711400501
01711400500
01724979415
01711534433
01190877772
01716165353
01552327715
01950199707
01711196314
01818252329
01835858833
01818252329
01911364180
01711544240
01199806976
01199806970
01819112469
01711572024
01199707051
01712899529
01712083272
01712574029
01716908818
01711224104
01711879503
01711347304
01713011747
01712212066
01711006280
01714006039
01711104302
01716076178
01716458872
01714028334
01716458873
01712614568
01819310825
01819202028
01712201273
01711867270
01711002933
01711110552
01712192407
01711328836
01819382101
01711176584
01711385103
01711184622
01711964834
01711328837
01711184922
01819228495
01839960826
01817002098
01839960826
01817002098
01911359627
01711561080
01552336467
01711443452
01835858833
01711196211
01199739011
01711196280
01716211873
01711623838
01971007777
01716914825
01711567279
01817112905
01199077513
01711980617
01711696050
01199627342
01911347571
01911349457
01711326120
01711326120
01819570075
01913390758
01819225995
01191556015
01711399224
01911117970
01552387892
01819228870
01716284925
01716284925
01711644791
01711016505
01819212630
01711140846
01711000933
01911351880
01819106157
01711161924
01911366854
01712735955
01711435377
01711402541
01711402501
01711435377
01712212220
01712212200
01712511185
01819311698
01835858833
01911366854
01911366851
01711435377
01711435377
01731194305
01835858833
01675999370
01682839230
01718629300
01911117970
01552387892
01711522510
01911366854
01911366851
01715017332
01711403349
01711403349
01712212220
01712212200
01715017332
01711403349
01835858833
01712694000
01552407528
01177817068
01177817068
01712199711
01713044055
01713249749
01713001881
01713044055
01552462173
01819312516
01711435377
01819216712
01711544876
01911349457
01191556015
01819238718
01911117970
01552387892
01711522510
01711454618
01911320920
01819212630
01711161924
01715017332
01711403349
01711435377
01711402541
01711402501
01911359297
01711527972
01911349457
01711384600
01711242267
01819212630
01552327712
01711161924
01711435377
01711435377
01711402541
01711402501
01712212220
01712212200
01715017332
01711403349
01711696050
01911349457
01913390758
01191556015
01819228870
01711522510
01552321785
01819252020
01819106157
01819252020
01712212220
01715017332
01711403349
01711242267
01819252020
01911322039
01755511999
01678329912
01819242787
01711680134
01711680130
01199077513
01911363383
01715042269
01199804083
01711434431
01819248716
01711825984
01711828756
01711526622
01199831639
01711534442
01711660383
01819808564
01711174716
01819225160
01199025662
01711526030
01199809280
01819215103
01711323449
01199873387
01711526158
01951954080
01819255382
01819312686
01711275061
01712552020
01819312686
01711275061
01819441200
01715015714
01715015714
01711077880
01819211748
01712867705
01552364296
01713033603
01713033600
01199864703
01711823666
01911772471
01912486161
01912486162
01912486163
01912486164
01912486165
01912486166
01912486167
01912486168
01912486169
01199130384
01713009228
01713034845
01711025877
01715006592
01819252020
01199856901
01713066638
01911352546
01716203193
01713148234
01711956632
01711788200
01720045461
01711864292
01612473737
01912473737
01711145893
01819226476
01911385467
01847132457
01835858833
01711523637
01716002237
01716016325
01713044084
01711749615
01911381343
01711275191
01711264185
01711525533
01711679454
01711633940
01711826369
01911388432
01711331158
01711749615
01199739011
01199739011
01711196280
01711196280
01713012998
01911322541
01713012998
01711666159
01817536570
01725120195
01819293681
01199330257
01911482047
01711242267
01727306615
01715157720
01920730670
01197229494
01196191613
01817531558
01711531809
01819260636
01911259835
01971534318
01971534317
01711530967
01712063885
01711894663
01914628141
01199805652
01711520313
01199852797
01711528079
01713005013
01911342810
01713005013
01711530135
01819216530
01713013064
01711522615
01819237384
01819218645
01711046502
01712162992
01819260420
01819279356
01711566346
01711560621
01711686216
01711195976
01711561492
01819247299
01819926355
01711669914
01711669914
01711669914
01711143286
01199033461
01819283906
01819220580
01711627860
01911326776
01712118131
01711670764
01711670764
01819214831
01819222182
01819222182
01911311044
01717062732
01819239513
01711269175
01713008733
01819126952
01711331553
01711300873
01911354042
01819240745
01711521666
01711123961
01911324264
01911065636
01911352628
01819249192
01819216959
01819239432
01819220265
01819246710
01199809295
01819213520
01819230023
01711145838
01819505680
01819252466
01819252466
01819252466
01711531939
01711303805
01711544074
01819251262
01716361063
01819239432
01711146691
01819216894
01711532516
01819237384
01711195976
01819126952
01819218929
01711331553
01716790289
01711304141
01711304141
01911347379
01715008317
01819256965
01819289439
01713019019
01711138230
01819224429
01819240745
01819216959
01819219610
01711300858
01711544047
01819247299
01711304141
01819256965
01711689609
01711689609
01819216959
01711146691
01199867221
01819220534
01819215000
01819224429
01711546736
01714006566
01711862738
01199845191
01711594747
01711541236
01711528821
01711565020
01911352546
01711315968
01711697188
01711697188
01711143286
01711244749
01711680688
01819318859
01713010501
01819270895
01711482021
01711304141
01819289439
01713006633
01835858833
01711304264
01711531744
01911351622
01711190739
01711544182
01711190739
01711542065
01912030660
01712733457
01711159775
01711802046
01715011508
01819225800
01818175832
01711732090
01713201531
01711076389
01715053800
01819315393
01819315393
01711326039
01817074339
01817074339
01711188369
01819120028
01755511999
01678329912
01711561687
01711247422
01711384745
01711549922
01817004191
01819281414
01711561687
01819281414
01711355642
01711593587
01819270274
01711348323
01199224917
01711329207
01199850847
01711267627
01711750430
01711402334
01713400102
01711720277
01711296172
01711267627
01711748245
01711820767
01711850273
01712055663
01711386555
01711297039
01711321781
01711721601
01911344594
01711218247
01711378688
01711335296
01716016325
01711448244
01711538064
01711814337
01819412038
01711355642
01755511999
01678329912
01713000298
01818252329
01878090793
01878090793
01783877631
01783877632
01783877633
01783877634
01918998148
01719977470
01755511999
01678329912
01726177529
01819214358
01911490568
01711056491
01712842369
01711056982
01819226142
01711879273
01199854131
01817071268
01819212577
01199524716
01819938922
01711697259
01911482425
01711384805
01712160732
01711347665
01712006345
01711545000
01711524470
01770334477
01711118655
01911342250
01711130065
01556336272
01711196211
01199739011
01711196280
01711196211
01199739011
01711196211
01199739011
01711196280
01711523198
01199852202
01711522392
01199762590
01819310818
01711952674
01819290623
01191710191
01711521786
01819214097
01819214097
01711295960
01711952674
01711796932
01911351715
01819212507
01819212507
01711952674
01711932348
01711188357
01711932348
01711218 93
01819314001
01819314001
01711316351
01711181861
01711389869
01911342706
01712571106
01712571106
01711567024
01817075196
01712062423
01819237726
01713377683
01819238776
01819238776
01922120381
01711819544
01711544876
01711544876
01711544876
01911349457
01711545116
01911385020
01819312570
01819225995
01911341337
01715959334
01711953787
01911117970
01552387892
01711603676
01819461717
01199856772
01711522510
01711544062
01711536543
01711541379
01819243950
01819212630
01711704686
01199875617
01711320407
01819213897
01711344521
01817074339
01556338161
01711868889
01711953787
01711522510
01819212630
01711351524
01713034845
01835858833
01199866966
01711280894
01199843355
01733595710
01711640207
01711338550
01711545086
01199854378
01892577370
01711675842
01711200545
01711200542
01711200543
01711200545
01711544876
01835858833
01711678168
01711690159
01556338161
01711618485
01714091656
01739473010
01716148841
01833328495
01750181876
01819282014
01717234107
01717941234
01199805213
01819211748
01711145769
01199069524
01716914825
01711788216
01711024980
01711687143
01711687143
01819290495
01711687143
01711687143
01726088837
01199051940
01711323255
01711808391
01711630475
01819231270
01715363010
01817086560
01819241696
01915777996
01712084457
01819615726
01720246675
01716971881
01819311592
01716559511
01915727754
01819284135
01745553996
01711263606
01711781893
01819225124
01712087320
01912060500
01819411020
01871055630
01819405134
01196142394
01711133781
01819272850
01711133781
01711133780
01714020920
01819237020
01819434861
01711026877
01711133781
01711133780
01817062722
01711355304
01711591586
01711196211
01199739011
01711196280
01711674270
01711382994
01819241273
01711133781
01711133780
01711525669
01911320446
01911320446
01711640207
01912197860
01711530637
01711530636
01819275181
01711530898
01711525081
01712584104
01711525081
01712584104
01711981118
01711133781
01711461216
01711461216
01199806212
01911322039
01755511999
01678329912
01199868313
01711538457
01911363383
01199046559
01711434431
01711828756
01711526622
01199831639
01819498295
01819240601
01711639733
01199804083
01819227511
01711159775
01712733457
01817509840
01711639733
01713008206
01711549922
01711384745
01911383531
01711525272
01199853454
01819253829
01199761748
01713006514
01819120028
01713011532
01711531109
01819213326
01715004627
01711618286
01711225775
01199838721
01711974713
01711820658
01817016429
01713035528
01712867705
01713000390
01819239804
01819225995
01755514800
01711534911
01199060132
01711788093
01819218974
01819242787
01711542782
01711820658
01711951085
01817016429
01199866966
01711533662
01819237726
01712929100
01711645645
01711645641
01711025877
01711275191
01711264185
01711525533
01711560396
01819227020
01711536543
01711544062
01711541379
01715239897
01711593689
01711524074
01711331158
01819412038
01911350655
01911350655
01716016325
01713019388
01711625017
01711667029
01711667029
01711523564
01711527002
01199087949
01911343746
01711528055
01911381031
01199805652
01819212507
01711139323
01711619279
01711528097
01911355152
01715015714
01819242899
01556326375
01713000390
01711333229
01199804446
01911381627
01711679454
01711331158
01711825136
01819213750
01819239804
01911346358
01819501001
01199077513
01199856901
01711976074
01713017844
01711527913
01819290495
01892577378
01711527913
01812903133
01713000390
01819242787
01911388148
01711520422
01819403213
01713201531
01711234226
01552346776
01711522517
01711529515
01977717705
01835858833
01711529515
01711133781
01711133780
01711296172
01819489267
01911313141
01913935323
01711407914
01711695100
01712216020
01711639407
01714236527
01819225173
01711639405
01713076577
01199028952
01911313141
01711955234
01911383531
01711639400
01911341217
01819381355
01711348323
01199224917
01711329207
01199850847
01711750430
01819314001
01711402334
01713400102
01711720277
01711296172
01711748245
01711820767
01711338360
01711338361
01712055663
01711386555
01711297039
01711721601
01711321781
01911344594
01711218247
01711378688
01716016325
01711335296
01711448244
01711538064
01711814337
01711531337
01711531337
01711630974
01199852202
01711812096
01191710191
01711326216
01711679454
01713103322
01736985846
01912482430
01713103322
01819212507
01711139323
01199848928
01712452237
01876216120
01711500144
01714012866
01819922463
01711159775
01712733457
01711150951
01552415840
01819410242
01921067646
01815117911
01705815917
01716914825
01819231270
01819297897
01670100900
01712084457
01915777996
01745553996
01710923041
01717116191
01711549608
01711362795
01711549608
01740927584
01848304401
01819221946
01711527597
01711520313
01715255600
01713034523
01713009511
01892577370
01713018705
01199054566
01817031597
01711522797
01819275600
01713061198
01740927584
01848304401
01623664747
01799875343
01819221946
01199701136
01199846226
01819224126
01911386389
01713018705
01199874082
01675999370
01682839230
01711675842
01716451895
01817031597
01715220337
01819298671
01711525272
01911343746
01922120381
01711448224
01711545086
01819219997
01715179089
01711295028
01711548923
01711370833
01819226142
01712850108
01199849156
01197006437
01711394140
01726088837
01711820658
01711951085
01817016429
01711531109
01819211300
01711647641
01711823236
01711664950
01819231729
01979231729
01711858840
01713034298
01713007783
01711544255
01713066638
01711549922
01711384745
01819182623
01711133781
01711133780
01727306615
01711544151
01819232777
01713007783
01819214979
01718094028
01678620101
01617141134
01678620101
01713066638
01819742116
01911343152
01711200141
01814079887
01555004616
01714091656
01711786824
01919786824
01723939190
01819281414
01711675224
01711134492
01711134493
01711134494
01711134495
01711134496
01711340744
01835858833
01711545114
01711340744
01727306615
01811941600
01725972982
01199878775
01819220601
01711344847
01711542065
01713066638
01712929100
01819491767
01819223070
01819231449
01711537926
01819214813
01911350457
01711696050
01711287669
01711537926
01727306615
01819231658
01754111266
01556426446
01711446222
01726401311
01711428165
01704383642
01756333051
01756333052
01678664413
01911279619
01769675551
01769675552
01769675553
01769675554
01755559301
01741129235
01554882075
01680050630
01967169189
01715451599
01712732844
01718358360
01778490525
01946973778
01915721560
01841566111
01762686274
01762686275
01732764871
01755587224
01714102062
01741300002
01914098494
01823660833
01930544725
01711532679
01986 810710
01986 810610
01865041805
01865041804
01816604787
01967595429
01983278199
01757074304
01757074302
01757074303
01730713840
01776439001
01865617619
01776439000
01797765691
01731514312
01797765692
01915453282
01714014933
01819245895
01819245895
01789908612
01755566994
01755226611
01970226611
01755514650
01755514651
01755514650
01755514652
01781910129
01773225500
01687191986
01939425030
01776234984
01712675598
01777676548
01857333440
01621462175
01713377076
01713377037
01786899445
01786899446
01786899447
01713303183
01798660036
01798660037
01711613301
01678666624
01780220099
01971007777
01911781327
01747667864
01931579230
01911882764
01911882766
01911882764
01766663556
01766663557
01766663558
01754313182
01923952937
01835942848
01766621386
01192084032 
01685227772
01684022585
01716723931
01771766591
01711978658
01771766592
01771766593
01771766594
01745581074
01938832755
01745581422
01730429655
01714161613
01713091936
01763030636
01686265125
01966459818
01706643282
01932357444
01730406501
01730406502
01730406503
01730406504
01775217117
01841000005
01977772585
01713041601
01790026598
01730444198
01614442003
01710228222
01717593321
01979733777
01675613164
01733339267
01628700700
01741739899
01685982828
01771611111
01688934040
01794709709
01682971262
01776000008
01761404892
01711822442
01628104625
01670168784
01707080808
01730332500
01957244741
01677712777
01786280480
01863333950
01991660550
01881112211
01752416296
01712144096
01862606202
01670397139
01621990099
01777111554
01925888555
01922117711
01819270377
01921888111
01711524199
01975200222
01729242726
01730260003
01912195369
01711506968
01713443870
01777504033
01759566665
01787698232
01730013828
01818378084
01714050072
01933336655
01708183871
01911479871
01763774600
01815118186
01717585830
01678796819
01713076829
01610444055
01916135312
01972264556
01676198162
01914885134
01711535805
01620377547
01613432024
01707959772 
01766681996
01616363664
01616363667
01681846042
01724666717
01611122287
01705126383
01844142760
O1780362222
01844142760
01711007649
01619747015
01749223344
01832253621
01711571343
01729090088
01753000777
01711121816
01798303030
01673569913
01619550800
01684096474
01791662355
01750000429
01681006181
01841848400
01972357185
01941274555
01941274556
01839993777
01681713603
01990599829
01713305324
01790117711
01790117722
01790117700
01916572657
01683551692
01777675194
01771238484
01766557708
01723525353
01716789541
01711127586
01622200777
01678138208
01713004959
01686837618
01719279248
01195322322
01790025525
01977141377
01765600300
01911341654
01755618905
01977287844
01755688000
01712421649
01856000050
01789884488
01195374878
01670888602
01913000111
01712784606
01796829000
01781882888
01819987399
01789880022
01615333444
01978787575
01612000888
01755552001
01714410723
01819898898
01193094545
01827550082
01610005555
01730404242
01949777222
01771339933
01795470074
01759888222
01856000050
01713199270
01777734233
01775333333
01972744733
01922333999
01911395689
01687804408
01611908908
01742888997
01551519519
01704607861
01798775522
01914417510
01827550082
01717600889
01706896304
01773187546
01967874151
01720070304
01705118848
01797456456
01730600036
01712405152
01722669933
01715228767
01835126877
01937044077
01678047601
01827550081
01943828282
01713017428
01973666166
01921089488
01798600700
01713062909
01915048889
01787757676
01841223222
01755559738
01534504797
01939222555
01675302001
01759566665
01712643138
01534987654
01676855506
01713045904
01676855506
01861234569
01921121121
01795704977
01616161565
01713005234
01712227365
01980055511
01911098050
01754996399
01814655925
01847082633
01789791666
01715259395
01911734236
01714161001
01740588988
01730015185
01683551692
01711083678
01819284939
01734085201
01776000088
01711871696
01511445544
01849416070
01710553387
01777633212
01706896304
01534827756
01779555575
01671110030
01788111666
01970084325
01703008999
01918818686
01795870488
01714743969
01836055981
01670750555
01710300648
01704560800
01711549608
01711362795
01711549608
01740927584
01848304401
01819221946
01711527597
01711520313
01715255600
01713034523
01713009511
01892577370
01713018705
01199054566
01817031597
01711522797
01819275600
01713061198
01711520422
01711830249
01753574414
01672006874
01755693215
01716752370
01711974430
01611326474
01914867929
01823732272
01974099099
01719013222
01715008944
01923000006
01713129539
01819106482
01716116293
01972542741
01713084300
01819456642
01716155266
01923142977
01715083044
01717222912
01817700199
01818730583
01818730583
01974747878
01911048757
01711573570
01818738966
01818397684
01726934368
01942420496
01819252420
01729926707
01716355950
01819508823
01940654004
01712989417
01711451563
01717601771
01713062660
01715885036
01911320858
01552400204
01711529575
01712239614
01711821063
01711525713
01711521499
01713120372
01717021565
01715628548
01916149907
01711709109
01705449975
01938848759
01611141441
01926285932
01911234558
01974550091
01620332545
01713008738
01556365681
01711008033
01620332545
01911234558
01748137667
01680831216
01714210821
01191119195
01557600924
01711039863
01680047994
01711133445
01552405452
01777010091
01779834123
01779834124
01779834125
01779834126
01779834127
01671117555
01917960900
01740927584
01848304401
01713083705
01611489055
01190467794
01816914289
01523804090
01911278405
01711921197
01623664747
01799875343
01819221946
01670039409
01711371168
01822890896
01946936246
01711733088
01730012300
01673945969
01670354693
01199701136
01199846226
01819224126
01911386389
01713018705
01199874082
01675999370
01682839230
01711675842
01716451895
01817031597
01715220337
01819298671
01711525272
01911343746
01922120381
01711448224
01711545086
01819219997
01715179089
01711295028
01711548923
01711370833
01819226142
01712850108
01199849156
01197006437
01711394140
01726088837
01711820658
01711951085
01817016429
01711531109
01716168571
01711044435
01723502750
01915009291
01913087604
01728439756
01819814519
01912217448
01817565477
01911307007
01917600917
01717021565
01833331677
01738406340
01738406340
01677299721
01733559306
01714169015
01714169012
01675835688
01676717112
01717056713
01711340370
01732985719
01817094194
01819211300
01711647641
01711823236
01711664950
01819231729
01979231729
01711858840
01713034298
01713007783
01711544255
01713066638
01711549922
01711384745
01819182623
01711133781
01711133780
01727306615
01711544151
01819232777
01713007783
01819214979
01718094028
01678620101
01617141134
01678620101
01713066638
01819742116
01911343152
01711200141
01814079887
01555004616
01714091656
01711786824
01919786824
01723939190
01819281414
01711675224
01711134492
01711134493
01711134494
01711134495
01711134496
01711340744
01835858833
01711545114
01711340744
01727306615
01811941600
01725972982
01199878775
01819220601
01711344847
01711542065
01713066638
01712929100
01819491767
01819223070
01819231449
01711537926
01819214813
01911350457
01711696050
01711287669
01711537926
01727306615
01819231658
01754111266
01556426446
01711446222
01726401311
01711428165
01704383642
01756333051
01756333052
01678664413
01911279619
01769675551
01769675552
01769675553
01769675554
01755559301
01741129235
01554882075
01680050630
01967169189
01715451599
01712732844
01718358360
01778490525
01946973778
01915721560
01841566111
01762686274
01762686275
01732764871
01755587224
01714102062
01741300002
01914098494
01823660833
01930544725
01711532679
01986 810710
01986 810610
01865041805
01865041804
01816604787
01967595429
01983278199
01757074304
01757074302
01757074303
01730713840
01776439001
01865617619
01776439000
01797765691
01731514312
01797765692
01915453282
01714014933
01819245895
01819245895
01789908612
01755566994
01755226611
01970226611
01755514650
01755514651
01755514650
01755514652
01781910129
01773225500
01687191986
01939425030
01776234984
01712675598
01777676548
01857333440
01621462175
01713377076
01713377037
01786899445
01786899446
01786899447
01713303183
01798660036
01798660037
01711613301
01678666624
01780220099
01971007777
01911781327
01747667864
01931579230
01911882764
01911882766
01911882764
01766663556
01766663557
01766663558
01754313182
01923952937
01835942848
01766621386
01192084032 
01685227772
01684022585
01716723931
01771766591
01711978658
01771766592
01771766593
01771766594
01745581074
01938832755
01745581422
01730429655
01714161613
01713091936
01763030636
01686265125
01966459818
01706643282
01932357444
01730406501
01730406502
01730406503
01730406504
01775217117
01841000005
01552354768
01795362630
01619091999
01916666566
01711542619
01711521008
01711531725
01711522595
01815492377
01911293169
01912030660
01817030546
01713025676
01711111104
01819620210
01774545757
01611390011
01619842294
01819842294
01819505670
01670073849
01684264776
01617718167
01819288159
01816017083
01715107400
01712537726
01913623233
01722499520
01727000281
01711360240
01819837448
01811184367
01875213521
01815941773
01611392780
01733064312
01730021881
01755590446
01711037626
01552481743
01742852292
01951747985
01713384190
01711463525
01198015220
01712530185
01972530185
01711043636
01892110110
01819211011
01713458177
01913403978
01732318204
01842311271
01685337586
01717753754
01818090241
01712552635
01917570701
01715134263
01711162373
01670825650
01556368048
01911266361
01749321621
01911580405
01760518499
01738999959
01722571910
01723714471
01746247766
01677384132
01985683329
01681397278
01718179729
01819311402
01791222211
01819214076
01683266657
01917788553
01911310430
01842556006
01727556006
01725044477
01818118941
01812106930
01857800336
01746654240
01717857142	
01711846124
01757835503
01715458870
01741118299
01819359998
01818673865
01681397278
01828116486
01620206499
01841112223
01841112220
01675268380
01670476689
01831444007
01831444003
01919787733
01714887733
01920144463
01919267152
01727556644
01673536742
01938867541
01558616513
01819390234
01199453518
01711738516
01676855506
01852143569
01845503161
01845438596
01703951737
01913646263	
01552639410
01199071183
01918517674
01913982181
01924855555
01755509000
01717202661
01711787414
01712017765
01713038551
01712513145
01819199795
01735501995
01892313748
01728705476
01615042151
01920167721
01711289386
01916979179
01726552438
01670760039
01716041061
01922110404
01818034726
01715812324
01975812324
01715014685
01715014685
01720923144
01745915833
01737523297
01719808307
01916910249
01670051026
01836969575
01949423585
01711578343
01877030943
01888204360
01191119195
01715154110
01717104100
01719432606
01761712913
01761712914
01761712915
01713793540
01750155310
01552601845
01977727753
01671437932
01711397566
01711200000
01912906353
01711575111
01670984964
01911827781
01946607475
01729200017
01712171237
01798362559
01727556644
01740621216
01854373742
01711536427
01841112223
01715014685
01855908055
01673373204
01722448270
01670902008
01924419283
01970220959
01720220959
01797247701
01977887777
01711536077
01733472916
01926261404
01819992262
01919611682
01707049136
01552408120
01920105323
01816914289
01819877988
01552380409
01711313272
01715685602
01934307445
01711313272
01675674640
01819199795
01727656772
01830501308
01711194325
01833059369
01733115391
01911840313
01817094194
01716201203
01673918483
01710563081
01966317381
01966317519
01783505050
01912621272
01819549180
01719385225
01199095003
01718157895
01818371935
01716121317
01911359764
01938726850
01705570737
01791406426
01919972700
01680472700
01720182300
01711181522
01818139144
01617515815
01711461758
01711356865
01914865121
01676728525
01974444359
01933332773
01717638604
01819338937
01722114942
01819338937
01947167230
01918340047
01970702343
01819092469
01711804908
01875311022
01716517445
01680033093
01711520720
01195184616
01756188850
01756188851
01611347640
01929912840
01861457445
01845067767
01673911827
01720426760
01715752652
01715576388
01199261147
01819621113
01711148774
01680979014
01713825383
01713076582
01686837618
01912912052
01720331144
01676960210
01199216622
01716264717
01915426616
01714518235
01676684156
01722320924
01673912890
01876529289
01971335588
01753554422
01913320305
01676829269
01975556633 
01973338881
01821761327
01782572807
01975556633
01973338881
01780425015
01780425016
01780425017
01937101999
01526343880
01526388481
01713033160
01715023480
01774263789
01715672291
01772159259
01819139975
18125330096
01715192875
01819861636
01721088661
01733357990
01750176180
01977222324
01731535336
01710878581
01715855383
01199198646
01199107865
01829319027
01687709090
01744399266
01687709090
01816652349
01751325802
01772810520
01612810520
01930434050
01913003033
01847028300
01711203630
01674047547
01914161931 
00197688992
01712807275
01726480820
01670898469
01678639435
01711523462
01712497549
01974757470
01947704192
01912573951
01718716800
01711146378
01550006989
01717498633
01743467778
01926870894
01912102462
01930215429
01748037560
01711617858
01727777496
01962483229
01715327407
01754682874
01796433868
01670123463
01946464646
01715385237
01819103474
01833311050
01911128131
01198112766
01191828231
01675000148
01820579811
01554656298
01732256211
01672111996
01737766490
01552563532
01779911703
01671607409
01195018746
01911939991
01911570947
01911827728
01914810201
01715130860
01944781398
01701988258
01777777189
01557220969
01914777404
01672018831
01900000000
01718149359
01824729010
01711044435
01922890071
01738507958
01611333363
01611202727
01874041870
01743944740
01819872849
01957646323
01685094834
01710871091
01817122800
01198205506
01715880375
01713198140
01712839300
01819175689
01523772050
01819175689
01765409349
01714419545
01672416589
01791500004
01791500003
01819909119
01793485005
01678115215
01758929495
01711904455
01778628200
01846936613
01719050590
01846936609
01911490067
01977742847
01717481502
01914035805
01717954529
01714001209
01713408470
01714094991
01771100715
01675314326
01736718676
01776819619
01710278760
01841005264
01962417004
01766399518
01818209320
01912262099
01724222330
01913083260
01912466920
01675842425
01915604050
01616629427
01912744877
01757111404
01711567790
01818020841
01711410958
01813171011
01813171011
01911774866
01819428466
01926978757
01775843588
01193228735
01713094611
01682314951
01197265500
01818273817
01776063613
01556577172
01780163589
01715147425
01557883169
01920205237
01785748180
01785748181
01785748182
01785748183
01841488787
01614000401
01972028888
01928942959
01914726236
01719991825
01713368856
01920220910
01717575700
01678114272
01674445033
01727214909
01971316789
01819666051
01977498794
01712520469
01819994618
01552372518
01713077085
01726311282
01757929080
01720531940
01711865677
01914777404
01814777404
01911290701
01190104983
01712519101
01614894657
01911113062
01715378142
01676920742
01974444359
01818156760
01712259890
01190674166
01843898230
01720331144
01921454142
01819185311
01673897038
01553259069
01833030404
01913377417
01712742217
01714037895
01936582212
01711131207
01715143685
01611494950
01612494950
01918371026
01734178388
01727448144
01837066611
01612946622
01715640381
01817144309
01977936623
01670445003
01924424342
01913471651
01727209497
01191313680
01197015866
01197015870
01712539387
01711503376
01791406426
01725255629
01819286128
01847134205
01847134215
01847134216
01727209497
01817526423
01712069091
01847134240
01614195198
01553430720
01676809696
01611344008
01673203999
01977770009
01720339888
01199538996
01912842120
01191080340
01554313130
01784619792
01911708364
01912005271
01967700721
01711610250
01911781784
01711275058
01715356380
01712588939
01677308678
01831941036
01671941036
01712236421
01926665826 
01914627603
01616425340	
01713024963
01732166556
01711323266
01755510823
01727531393
01611011033
01926676721
01918442747
01611112294
01715387799
01873521252
01677777222
01911242101
01611242101
01673604089
01190639702
01914959054
01819256782
01789880011
01912508099
01914287699
01929087271
01877119788
01916778621
01916881996
01712762923
01721182883
01711384643
01670085708
01711080986
01914528315
01712229447
01814528315
01622535206
01818085361
01979100108
01723325328
01711489055
01711147480
01720132463
01670871501
01715961971
01712131480
01711424295
01750099967
01912888553
01715071556
01745385180
01711074792
01199490712
01717007865
01715263820
01911907366
01766622203
01766622204
01920283898
01674323197
01912635325
01712251870
01713962646
01820579811
01712562838
01711193167
01823313311
01726103938
01766622202
01819231274
01819105629
01558171016
01733986840
01820514693
01711131701
01819316183
01713275959
01713275958
01726056782
01865066960
01819289351
01718683932
01614000402
01675348666
01911231144
01911340319
01831454224
01799231210
01703757492
01703757493
01713215069
01730430806
01713582475
01552601845
01711878261
01973453386
01680798555
01714033188
01611975989
01611398907
01711398907
01819247913
01825947474
01719112837
01712773414
01911080353
01711000032
01718046030
01818588136
01711672543
01711244811
01918155055
01727816772
01713567628
01717250697
01766405070
01680415050
01841112220
01841112235
01722504680
01831345954
01673805849
01928981340
01715063138
01712216187
01717315899
01197083399
01712083684
01740941102
01911421324
01841112220
01841112224
01911107162
01841112225
01851599749
01866970202
01853330343
01712697197
01924560457
01925000030
01842226225
01977226225
01725393295
01711330836
01839800550
01713199270
01726695698
01611344008
01715666789
01911561554
01914867929
01713039663
01681719771
01718164964
01913933396
01944667744
01715171755
01919386643
01714114964
01685070404
01748776655
01815263537
01960060066
01940040055
01766090160
01929915712
01929915700
01957682618
01841337777
01841772222
01722163724
01717143253
01718141059
01716111522
01711869330
01686309067
01727609418
01837819678
01876933850
01535899663
01911389999
01670820298
01715218820
01716207612
01819263518
01817540640
01910010777	
01910010999
01552329664
01915210811
01817043086
01787815681
01787815682
01787815683
01787815684
01787815685
01921685040
01792525354
01711340370
01611425006
01733998099
01681719771
01718164964
01913933396
01717018052
01712732337
01715014685
01720008904
01762551020
01734634455
01918366998
01556318518
01748602405
01689928545
01676272132
01912772708
01721889636
01917373951
01912721236
01677459181
01681719771
01718164964
01913933396
01788568688
01914811450
01912160900
01718778098
01917980757
01926997749
01712014421
01613646793
01724991637
01721889636
01718164964
01681719771
01913933396
01613401889
01713401889
01717943701
01195522890
01711980288
01714565419
01914077299
01914077333
01614926450
01711171823
01819857414
01718164964
01718164964
01681719771
01625734126
01619799999
01845955566
01611023432
01711635197
01715153810
01681719771
01718164964
01956744552
01716228107
01730021881
01915210811
01615210811
01617103610
01912743447
01721094323
01714539170
01190668652
01927763747
01611226006
01911226006
01911226006
01975624192
01818603772
01680875521
01748914217
01855692686
01718046030
01715819086
01835413171
01713160176
01716090316
01716090316
01816118731
01715107512
01715107512
01755564262
01919527374
01718527374
01616807472
01713401889
01613401889
01914161931
01720203634	
01740599679
01973000145
01756393732
01730164530
01857555564
01816864862
01711384502
01711935064
01911577826
01788550709
01716596332
01676272132
01843458658
01615112212
01911096529
01819366058
01930591008
01768384064
01916022088
01745214773
01761229000
01741739912
01949077952
01511414438
01912915500
01819958680
01615210811
01915210811
01816423914
01818261352
01711336825
01711336825
01680076557
01936165155
01842386643
01619386643
01917374020
01923244720
01932078525
01710155355
01933174657
01911123471
01819403432
01720173865
01716355525
01816888886
01755584505
01912013696
01917374020
01923244720
01932078525
01917374020
01923244720
01932078525
01711619099
01712005522
01794627261
01712576477
01712474778
01674887973
01856439013
01818287841
01913470886
01811858323
01534370859
01972862798
01713119411
01774591907
01730798590
01793515003
01928919923
01715096803
01675542186
01717518201
01715578366
01916018771
01711730934
01611730934
01841112220
01841112224
01841112225
01672214624
01922244424
01752131855
01731138808
01871366293
01741489363
01727361781
01713494670
01918277300
01924840004
01680655555
01914868691
01715132909
01722972347
01985132500
01714410968
01675887263
01710883825
01758363651
01758363651
01712514103
01711138256
01811923167
01767242785
01193215744
01713044780
01911702046
01753855530
01911723352
01717188889
01191702394
01711469971
01611469971
01712115506
01955600848
01955600846
01914393090
01612333123
01748772380
01833986088
01740996393
01832846235
01771899942
01711147819
01715401540
01615401540
01739429457
01711523671
01711218931
01721709200
01682728801
01973636363
01912173619
01615444440
01912057370
01725555453
01975555453
01674424941
01911295606
01674424941
01841–514149
01833351699
01680299133
01833356766
01718307750
01673348648
01755003673
01912256437
01917612533
01680079521
01711323848
01713221158
01711279048
01714076324
01766196017
01676901041
01711363820
01715317332
01924719464
01926182709
01912507546
01678661251
01949862690
01678661260	
01914251577
01814971118
01750001768
01750001767
01841735820
01750001769
01711323133
01703824534
01819600871
01943689621
01715161372
01911113125
01711247317
01198008579
01827000014
01713168005
01620943547
01716992192
01716999470
01911538374
01678099027
01817068185
01922268727
01817068185
01680530391
01720577230
01816089804
01196050684
01977588599
01982500500
01686837618
01686837618
01973666166
01919152238
01676522388
01974225555
01712949410
01556362663
01753660123
01714361302
01974361302
01841080909
01841080910
01818383044
01776858583
01913826417
01717873588
01954464432
01973666166
01914858543
01861617969
01842160617
01836114363
01617058687
01869788088
01552601845
01733550024
01755998066
01911295606
01674424941
01911476158
01913514192
01711101081
01712252170
01740832317
01817089766
01682711039
01711295618
01918970787
01922330126
01720940594
01711031378
01711280367
01733521252
01711280367
01919280367
01777947226
01719045473
01714225555
01198220008
01715093412
01787663525
01977658886
01716855782
01713376436
01722594595
01722594595
01763008773
01824393206
01680530022
01720331144
01915424402
01711269784
01916886225
01716635810
01730077086
01911697263
01742702402
01715800863
01716017500
01710344087
01711048088
01779292777
01819214897
01552484201
01818015570
01795827700
01819214897
01619214897
01911376522
01915822810
01911880850
01741899737
01559371474
01835413171
01973160176
01730706251
01730706258
01737686031
01678038670
01833360333
01716172028
01761081111
01749824252
01672448888
01855939475
01784555557
01713459083
01911511616
01611511616
01715129244
01811442866
01713090008
01711362010
01819200709
01722002871
01195044210
01682208101
01682208102
01682208103
01682208104
01682208105