8801733083605
8801819231100
8801829676219
8801733083605
8801819231100
8801939951891
8801723398269
8801750945888
8801988038856
8801719124491
8801715686848
8801975909688
8801714861397
8801722882802
8801750653172
8801714861397
8801722882802
8801750653172
8801975909688
8801761889360
8801711027088
8801789147421
8801827599212
8801712737399
8801977737399
8801734991216
8801750569391
8801940891158
8801812206041
8801923207881
8801673603612
8801616666544
8801723814392
8801671059162
8801911729366
8801747903187
8801730440571
8801977552515
8801865672517
8801818238563
8801614283840
8801707929494
8801980950011
8801980950022
8801783449911
8801990480673
8801844000103
8801812988151
8801812471058 
8801701757781
8801717105042
8801978455243
8801786064031
8801727830201
8801902493922
8801786064031
8801992440762
8801686622255
8801828959888
8801712575726
8801713090338
8801714318866
8801793574457
8801755554555
8801792085644
8801729149988
8801720502591
8801743760830
8801813581263
8801715499360
8801779563808
8801781420370
8801711660304
8801813692158
8801821850472
8801716858508
8801776219389
8801713200133
8801775196664
8801869808909
8801725085108
8801711958708
8801715772824
8801821850472
8801756188852
8801985555065
8801844027405
8801974246663
8801819504989
8801819249551
8801975284686
8801919777762
8801746222354 
8801707929494
8801980950022
8801990480673
8801978455243
8801727830201
8801755554555
8801766665163
8801912555444
8801732012345
8801813692158
8801743760830
8801781420370
8801813692158
8801775196664
8801793040268 
8801715772824
8801755661199
8801811106252
8801716806000
8801777241400
8801722399829
8801713484430
8801766212131
8801786888819
8801755504943
8801738593466
8801716751415
8801722399829
8801711390039
8801738593466
8801730195307
8801711444999
8801836151651
8801747626111
8801836151651
8801716141929
8801728707079
8801856699911
8801845995575
8801758554466
8801711520909 
8801819225043 
8801819238723
8801713311469
8801915760717
8801682866833
8801619000123
8801711624875
8801725533634
8801685560800
8801726268872
8801684025581
8801911521048
8801715698888
8801617641434
8801959765531
8801713311469
8801915760717
8801916277988
8801627812721
8801715093412
8801613828268
8801733503157
8801977665501
8801718214000
8801981518788
8801740965601
8801725302789
8801614013052
8801956006459
8801725302789
8801614013052
8801956006459
8801925321521
8801715788895 
8801733503157
8801977665501
8801718214000
8801981518788
8801740965601
8801724007134
8801686244995
8801951457290
8801711074057
8801622888877
8801837123143
8801959765531
8801872293923
8801915216216
8801981696722
8801916277988
8801627812721
8801715093412
880161382826
8801830530952
8801816665888
8801872293923
8801830530952
8801992346634
8801988334455
8801818515256
8801613191257
8801938545751
8801717048929
8801865658030
8801717048929
8801865658030
8801613191257
8801938545751
8801992346634
8801830530952
8801816665888
8801872293923
8801915216216
8801981696722
8801916277988
8801718330985
8801930069893
8801977335523
8801199220086 
8801977977234 
8801985778899
8801717048929
8801711873718
8801718330985
8801930069893
8801977335523
8801670664220
8801818035194
8801822866833
8801816004150
8801711691612 
8801711691602 
8801730787600
8801717050691
8801716315553
8801670664220
8801672898944
8801626811522
8801812772221
8801912666017
8801713028909
8801711280193
8801829782212
8801791612425
8801923875797
8801683298630
8801719577441
8801779551395
8801672898944
8801626811522
8801812772221
8801912666017
8801713028909
8801711280193
8801829782212
8801791612425
8801923875797
8801683298630
8801719577441
8801779551395
8801515618766
8801912208271
8801914364731
8801925789913	
8801534571017
8801913982455 
8801628092045
8801625599903
8801861454426
8801782163447 
8801813120584
8801675526619
8801611020002
8801672349862
8801676530291
8801672898944
8801515618766
8801912208271
8801914364731
8801925789913
8801534571017
8801913982455 
8801628092045
8801625599903
8801861454426
8801782163447 
8801813120584
	