01735544650
01717629225
01912877811
01725067720
01766755755
01711066661
01712012848
01713339695
01613339696
01786493700
01730793501
01987998566
01877722855
01766557780
01709883333
01617005511
01911920666
01711232917
01713399001
01796446653
01719584899
01556347711
01601222456
01755028993
01730051005
01819222212
01719769009
01701003010
01870701892
01837335595
01716773232
01918776551
01815761065
01814275755
01821827938
01632030000
01877722859
01887057777
01763444000
01758771492
01711859334
01715331998
01715550995
01500018000
01707002750
01707002749
01552683454
01938305706
01711332605
01715041207
01716939540
01712104439
01769312021
01764543535
01769322182
01769322183
01847191421
01975888728
01746080856
01787696528
01787696295
01712203336
01552308849
01552333563
01718471961
01321213232
01730706251
01711905489
01730706257
01777114488
01777114499
01192150563
01771799410
01613555953
01911771155
01841416464
01733585956
01711423454
01714267305
01767863558
01717950169
01811414074
01811414080
01712170330
01752987688
01711676058
01711057947
01190806447
01553409149
01726511532
01815459146
01919782245
01714404902