01711590399
01833311286
01671333681
01819241069
01711439081
01713143671
01711594472
01713009108
01190238186
01554316145
01819388824
01710750806
01711405681
01713003300
01944530515
01911323622
01971122814
01714122814
01713234161
01552100464
01713005700
01970077514
01741163983
01714071425
01713003949
01935369948
01715292077
01713118022
01916045694
01913321676
01711540546
01741909394
01730020208
01811483133
01713010677
01819099915
01985019100
01936660777
01712157689
01741009980
01713034357
01711547161
01686309083
01819213248
01819173848
01817119588
01768613393
01714102648
01732434637
01720301236
01611731113
01911738907
01708520292
01755658338
01684332816
01681640794
01715150393
01915661164
01777752302
01726444491
01711070044
01710486992
01713016363
01611235476
01732770020
01755597431
01713361880
01735361316
01711333603
01552459638
01911114409
01711528388
01715531497
01732476815
01713064625
01713036565
01731894658
01811503537
01711815601
01711850072
01713017776
01770007757
01678041440
01713100800
01713149512
01740554885
01678147514
01819313718
01711564838
01401334422
01787868262
01711595929
01711362588
01711692431
01842032680
01912010854
01759905960
01711535051
01916036024
01712760082
01973006868
01939377325
01554071376
01613013865
01819970165
01716672663
01713063284
01840150786
01713123832
01730042902
01715190380
01912980621
01933119933
01817035758
01819258086
01711529835
01819280548
01745106999
01711591671
01601002310
01755567440
01712799824
01819242802
01911303256
01678599300
01713002110
01715864468
01915504600
01762002219
01826509405
01713032589
01913387600
01710887315
01713008388
01710921287
01726111202
01746601124
01937902260
01678089466
01712475143
01713194301
01711199579
01711567527
01911366354
01713004321
01836226977
01713163221
01713037352
01683324759
01711561826
01715063215
01714118280
01819310692
01712210909
01711321492
01911341839
01977665544
01715491037
01912015745
01833777771
01713061157
01711977481
01714281444
01704739856
01925507892
01711487559
01730035648
01749212017
01720071225
01711525398
01713488775
01713006202
01817031212
01711532552
01552356135
01819270217
01713030107
01711595528
01713010006
01713016230
01772298032
01716613897
01730031904
01730031900
01755587455
01711520303
01711225032
01731217888
01711725969
01711528087
01199851345
01711520514
01716217486
01713037576
01790750708
01716457927
01670985352
01731164142
01730051702
01711068225
01714048240
01713090507
01991196222
01556337139
01823751242
01711567242
01713162949
01817030291
01715606081
01610192021
01713034661
01926262727
01741257503
01713033073
01711661486
01711637362
01912026586
01717077230
01713464431
01819633640
01718167375
01713106256
01671573649
01711961018
01724851832
01819237236
01677093459
01813388587
01711593388
01717063374
01675062434
01713245347
01730450790
01819649406
01670444026
01819701070
01713083968
01761811201
01552456188
01677700214
01710845462
01713069839
01713160546
01712757733
01942344015
01711939479
01712505617
01713034857
01713206573
01613060324
01717308770
01676421485
01744348387
01914233748
01711548158
01924757170
01726290730
01713269100
01711677613
01715818023
01918209706
01711473234
01713069973
01817754951
01819260989
01845521460
01709999369
01723158784
01715484317
01711762217
01819228712
01711574014
01713083854
01811447502
01922292843
01711226717
01923461631
01923461631
01819280486
01552342590
01710829569
01711857955
01711521374
01955550001
01720058656
01951051120
01755502852
01745759894
01712185855
01816212693
01711591014
01613117575
01730061600
01713387177
01814661604
01715375062
01817050072
01709644444
01971591250
01913259267
01716401070
01755528197
01713075698
01713001614
01819250394
01713034624
01742315834
01925603674
01819379727
01842600962
01613205966
01711564867
01711423874
01713037798
01819240913
01680084043
01714001891
01911420330
01711748256
01678128329
01711534052
01727766608
01711530433
01711688671
01711530860
01714028646
01819296263
01715012555
01964975964
01811641952
01713081022
01819242163
01819214576
01678077865
01575032192
01715109008
01670091816
01912669062
01703075635
01745759894
01819118976
01715286356
01716396007
01715663165
01916144492
01716462351
01777752815
01713336272
01762539478
01819242604
01977140559
01713038421
01325891760
01713060648
01914124098
01730443115
01922105860
01675979370
01713125805
01711876961
01768346427
01753417367
01713046178
01914012061
01777757038
01556354631
01911688790
01745778844
01911360105
01711971033
01760217896
01913624964
01719317007
01711566422
01713044072
01730041433
01863902288
01713313253
01724556411
01675715762
01713387502
01711528172
01747223723
01819080786
01933399944
01768735481
01755578890
01711545432
01842108610
01713049694
01733746117
01552383629
01552383629
01712608920
01611170128
01701777922
01727290235
01715036280
01321665744
01711563963
01755680880
01819873325
01819215678
01713214733
01708140999
01730358178
01818908555
01717276008
01715260988
01819215678
01762339977
01713122753
01712508594
01722540353
01755557133
01632169412
01730444194
01714021555
01713039502
01916721671
01732428775
01711594502
01765711064
01851836677
01711017867
01612100500
01707777740
01713305103
01711533016
01713382622
01919591057
01711531580
01735723870
01686338729
01922453311
01819343023
01713109248
01713249049
01819335205
01711560770
01755577850
01618000718
01713185410
01713204669
01195137890
01711566009
01713382232
01713081064
01755576763
01731444997
01817031515
01913584127
01976672073
01199096860
01819350868
01614134792
01714110749
01799838070
01714110749
01796677979
01713104595
01712733173
01711402788
01819228619
01923303963
01817146882
01552107455
01713001307
01711901685
01670321000
01711102909
01713193388
01673912631
01970854629
01611463626
01740843603
01727397171
01733663322
01713046464
01715032054
01715894474
01719892044
01730302020
01926266304
01713115025
01811481743
01811481741
01750055755
01713049879
01711535541
01712525151
01711888703
01914438600
01713042869
01790493350
01711561595
01819116397
01713314859
01711115284
01199245741
01819221625
01713452707
01713161298
01747275186
01711952054
01712880836
01730053451
01711548915
01611004682
01977936600
01627936600
01711843514
01819226260
01713301470
01674855654
01913093771
01713017889
01715286356
01713025905
01711526415
01713046556
01678001240
01552448684
01711548158
01819215454
01715113004
01711593704
01713079939
01760301249
01711533529
01713040326
01847050889
01711529761
01819318821
01712340057
01926670703
01926670700
01711593603
01714167438
01711246584
01764474455
01711547927
01714643046
01755568837
01979434229
01923472800
01712089646
01730735548
01842825555
01817571757
01674800070
01711545009
01711346642
01713400979
01711960662
01819873265
01552666002
01937065400
01738977028
01817145289
01713069578
01820131173
01711520380
01707757170
01819242411
01711725195
01713190415
01750062076
01611606060
01917705900
01841458888
01713121280
01819241889
01726907284
01731395495
01823772754
01711912309
01815110875
01753929225
01711124265
01711540379
01919211922
01713376736
01712308801
01819247446
01711524672
01828661807
01729090557
01714287569
01715769281
01926874398
01711527272
01819277199
01713000786
01711624874
01678126377
01933300090
01711393938
01824686101
01717045555
01755642001
01755660166
01714200239
01811191269
01971150281
01711031136
01671080971
01919039186
01772935770
01713000546
01673014813
01711988582
01716115695
01678234568
01713452725
01817008097
01678003600
01711524963
01972819496
01711594338
01817041361
01715048755
01678127974
01715297035
01615297035
01701203141
01797805561
01742366090
01711548771
01711224002
01713100031
01765292148
01765292148
01819240565
01711527310
01711177325
01934330680
01711705917
01711566325
01670278801
01711612193
01755501509
01704862278
01730449707
01715062861
01819225841
01715645766
01715645766
01730302030
01713140313
01922362111
01711564568
01301248468
01714295696
01716152732
01819217140
01813170484
01713037732
01778322222
01778311111
01755589160
01711526262
01711526264
01711592972
01558677492
01713042532
01970077505
01977896631
01732708756
01711523522
01819219202
01713123002
01713015295
01711527552
01721558230
01819147034
01713452707
01726407845
01825348444
01733005328
01817140399
01715304134
01711338724
01779874354
01747423230
01811424287
01716273629
01711563826
01970335610
01711565163
01713003949
01711560633
01711534801
01729097150
01713035360
01712674397
01730300495
01715010996
01713069106
01713453102
01712903796
01711524751
01713451993
01711528756
01753078077
01753078077
01715069444
01713046301
01733003304
01726966166
01678074666
01713006578
01916158580
01670782044
01711505363
01673289003
01966102096
01745709815
01711528172
01787659259
01713582043
01711548116
01712707754
01730007770
01722422071
01730260250
01713113223
01974113223
01713168050
01715741417
01716878769
01711138032
01819940283
01738882466
01711540231
01902225426
01711946288
01617088279
01819260406
01711800585
01711534466
01199108604
01819257653
01768117762
01713191965
01813313108
01715540634
01715026637
01672742227
01711542578
01871800800
01706564646
01919264045
01892578550
01764253738
01711564830
01711524823
01712848249
01911664899
01713229302
01711520313
01711029429
01911089301
01730805188
01779477938
01817701163
01819318945
01711531437
01715287591
01711517879
01713481993
01713034376
01711567097
01911479514
01712524297
01711528358
01711616027
01745768839
01753888021
01747055607
01714234687
01713016338
01713334866
01817628795
01711749103
01818192292
01714132403
01745691666
01711732898
01684334455
01199865214
01711168328
01714110288
01914459413
01199806055
01819315038
01713011857
01917705371
01724871599
01819550355
01730178718
01552633464
01766677337
01534560485
01715430345
01975430345
01712843637
01713046455
01711537756
01730325320
01917192000
01713083582
01911355957
01742392022
01614047830
01711461535
01713061101
01798656590
01713038187
01713038187
01613400067
01199851842
01715730626
01191364882
01912487147
01841400900
01711820643
01712819841
01711567456
01912017470
01713069508
01925595588
01711526800
01711523213
01911354153
01818679730
01711616027
01713459860
01713061163
01710895508
01713118168
01911770208
01711567474
01711560210
01951514444
01713261635
01716906539
01711722046
01713019513
01827514631
01711154851
01611316965
01727700344
01712151180
01401123370
01819242076
01715003759
01977049041
01711900964
01711528090
01731318881
01813023192
01612256919
01819606004
01764196765
01713048398
01713014048
01712970579
01713014780
01616443333
01763794777
01818200401
01713905371
01817030625
01750212636
01744444443
01713033911
01711242528
01819316680
01799070000
01552644004
01714166165
01911997722
01976671666
01815110875
01713004705
01713062477
01713010677
01711568040
01711527927
01713034456
01925510007
01713118187
01865335600
01715135568
01775411483
01827550072
01711682014
01819228379
01715583010
01726539824
01716524736
01678832105
01713456936
01714465959
01714035240
01779142278
01721525732
01720968855
01713014964
01915621454
01711853521
01711534296
01714396119
01715419224
01711529944
01713403604
01819230596
01720387304
01730035096
01711837736
01725362114
01713015453
01914872579
01911393442
01713451830
01819261615
01674324122
01819213227
01711520038
01819178944
01833314014
01730438434
01711521171
01755690203
01818652764
01716307525
01818652764
01839994646
01726923130
01913355580
01711722875
01814955590
01713077786
01841678438
01704739856
01755616804
01711478943
01731741741
01713203400
01713010163
01911017396
01972819496
01713113605
01819116522
01816411404
01912011253
01711530700
01766681838
01819250180
01819354151
01712827799
01713020319
01713075861
01819149450
01618880011
01811412955
01713304937
01773366333
01715339347
01713062250
01771740448
01711859033
01819523160
01777719353
01819225658
01971591250
01730317424
01711523362
01727231694
01970077505
01819242095
01709606470
01709606482
01713143833
01731746777
01817148867
01811419603
01811419601
01818217055
01920078618
01730071500
01730071501
01911341839
01730031999
01713062262
01619459146
01713458696
01720273633
01713032117
01670120623
01713041214
01673898505
01923472800
01715615093
01939052133
01749553377
01738406635
01711176814
01715202002
01787661373
01713363362
01733663617
01757830441
01711821260
01712224395
01819226412
01730303717
01732155143
01552388911
01713042803
01711566352
01713060648
01307445907
01711591546
01711655192
01674210264
01713140319
01711337254
01717097087
01915420300
01714107370
01715000900
01799070000
01719588122
01911396757
01934330681
01552388856
01619456144
01713062507
01678661575
01711521369
01712806446
01817002574
01915722171
01755606049
01712016261
01713014352
01726461217
01755619860
01715006064
01735755103
01747570619
01726122255
01711593841
01716421429
01713001009
01552456175
01924112333
01678088918
01819313534
01819312976
01713080308
01712646096
01713012925
01914853340
01715419234
01955777888
01711525232
01917620021
01705452650
01971599994
01713120871
01715561294
01714112704
01711562777
01714282989
01713049609
