0171532301
01711590399 
989254950 
01833311286
01671333681
01819241069
01711439081
01713143671
01711594472
01713009108
01190238186 
0189249941
01554316145
0312524593 
031685037
01819388824
01710750806 
01711405681
01713003300 
01944530515
01911323622
01971122814
01714122814 
01713234161
01552100464
01713005700
028991702
01970077514
01741163983 
01714071425 
01713003949
01935369948
01715292077 
01713118022
0191354746 
01916045694
01913321676
01711540546 
01741909394
01730020208
01811483133
01713010677
01819099915
01985019100
01936660777
01712157689
01741009980
01713034357 
0312580847
0171523835 
029893108
01711547161
01686309083 
01819213248 
01819173848
01817119588 
01768613393 
01714102648
0171591599 
01732434637
01720301236
0241023434
01611731113 
01911738907 
8809666719719
01708520292
01755658338
01684332816
01681640794
011029958 
01715150393
01915661164 
0279149346
01777752302
01726444491 
01711070044
0294469966
01710486992 
01713016363
028410309
01611235476 
029821858
01732770020
0171033938 
01755597431
01713361880
01735361316 
0171540889 
01711333603 
01552459638
01911114409
01711528388 
01715531497
01732476815 
01713064625 
01713036565
01731894658
01811503537 
01711815601
01711850072
01713017776
018237148 
01770007757
01678041440 
01713100800
01713149512 
01713 369086 
01740554885
028415036 
01678147514
031800100 
01819313718
031252664950
01711564838
883769193 
01401334422
01787868262
01711595929 
01711362588
0248033566
01711692431
01842032680
01912010854
01759905960
01711535051
01916036024
01712760082
01973006868
01939377325 
019381847
01554071376
714071376 
028412592
01613013865
8809610998911 
01819970165
01716672663 
024895507276
01713063284
01840150786 
01713123832
02 8415610 
025588177356
01730042902 
01715190380
01912980621 
0171592280
0248812540 
01933119933
01817035758
01819258086 
01711529835
01819280548
01745106999
01711591671
01601002310 
01755567440 
01712799824
01819242802
01911303256
01678599300
88 02 9820874 
01713002110 
01715864468
0171207449 
956306667
09639101534
9696216124 
011875528
01915504600
01762002219
01826509405 
01713032589
01913387600
01710887315 
01713008388
028956997
01710921287 
01726111202 
01746601124 
01937902260
0171560028
01678089466
01712475143
01713194301
0312552472 
031727495
01711199579 
01711567527
01911366354 
01713004321
028415602
01836226977 
031631726
01713163221 
029859137
0173079879
01713037352 
01683324759
01711561826
01715063215
01714118280
011810571
01819310692 
02410903689
0171526595 
0171526595
01712210909
0255094334 
01711321492
01911341839
01977665544 
01715491037
017501125811 
01912015745
01833777771 
01713061157
01711977481 
0312513815
01714281444
01704739856 
01925507892
018212906 
01711487559
01975 607674 
933774043
01711 904681
8802 7911268
028834273
01730035648
01749212017
01720071225 
0189260532
01711525398
01713488775
01713006202
01817031212
01711532552
029836044 
01552356135
01819270217
0191320620 
01713030107
01711595528 
0171527049
01713010006
01713016230 
028411937
01772298032
01716613897
01730031904
01730031900
01755587455
01711520303
0312514721
01711225032
04433303478 
01731217888
01711725969 
01711528087 
01199851345
0171530860 
01711520514
018238019 
01716217486
01713037576
01790750708 
01716457927
01670985352 
01731164142
01730051702
01711068225
01714048240
0255093855
01713090507
01991196222
01556337139
019320264
028418912 
01823751242 
01711567242 
01713162949
044730500898
01817030291
0181714805
0298309047 
01715606081
01610192021
01713034661
0171538505
01926262727
01741257503
01713033073 
0171563794
01711661486
01711637362
01912026586 
01717077230 
0293409913
01711 544051
01713464431 
01819633640
0173018790
01718167375
01713106256
01671573649
018218113 
01711961018
01724851832
01711 563435
028412923
028414994 
01819237236 
0173001937
01677093459
01813388587 
01711593388 
01717063374
01675062434 
01713245347 
01730450790
984173940
01819649406 
88011861930
0171563121 
01670444026
0248955815
01819701070 
01713083968
01761811201
01552456188 
01677700214
01710845462
019382941
88028416133
01986 329579 
01713069839
01713160546 
01712757733
01942344015 
01711939479
01712505617 
01713034857
01713206573 
01613060324
0171684291 
028881022
01717308770
01676421485
01744348387
01914233748 
0248957822
01711548158
88027251315
01924757170
01726290730
01713269100 
028831810
01711677613 
0171544729
016815106718
01715818023 
01918209706
01711473234
031639406 
01713069973
01817754951 
01819260989 
01845521460
01709999369
01723158784
01715484317 
0312864141
01711762217
031714174 
011028338
01819228712
01711574014
0248812160
0248812162
0258954141
028932433 
01713083854 
01811447502
09609013333 
01922292843 
01711226717
01923461631 
0171566294 
01923461631
01819280486 
01552342590
0171531383
01710829569
01711857955 
01711521374
028850558
01955550001 
01720058656
01951051120 
01755502852
01745759894
01712185855
01816212693 
01711591014
01613117575
01730061600
01713387177
018249459
01814661604
018169030497
01715375062 
01817050072
0171527491
0258955343
01709644444
01971591250 
01678 137464
01913259267
01716401070
01755528197
01713075698
01713001614 
0171528250
031650320
028933713
01819250394 
01713034624
01742315834
01925603674
031750971
01819379727 
01842600962
0171 3014369
0312513099
01819 312125 
01613205966
01711564867
0189377144
01711423874
028619101 
01713037798
01819240913 
01680084043
0088 02 9336247
01710 894692 
01714001891 
0255042319
01911420330
01711748256 
01678128329
01711534052 
0312851062
01727766608
01711530433 
01711688671
01711530860
0312512930
01714028646
01819296263
01715012555
01964975964 
01811641952
0312554429
891257375 
01713081022
01819242163
029886434 
0173105786
01819214576
01678077865
0171537116 
01575032192
0171580994 
02841644950
028415301
01715109008
0172993030
01670091816
01912669062
01703075635
01745759894
01819118976 
019481110
01715286356 
01716396007 
01715663165
01916144492
01716462351
01777752815 
01713336272
01762539478
0255087004
01819242604 
01977140559
01713038421
028913263
028959481
011871019 
01325891760
01713060648 
01914124098
01730443115 
019780008289
03894550935
01922105860 
011843686
0173015171
029678882211 
01675979370
0312864033
01713125805
01711876961
018315231 
01768346427
01753417367 
01713046178 
01914012061
01777757038
01556354631
01911688790 
8802 5807027
01745778844
01911360105
01711971033 
01760217896
0173033214 
028415914
01913624964
01719317007 
01711566422
01713044072
01730041433
09677700700
01863902288 
028714658
01713313253
0152331137
01724556411
01675715762 
8802 9342370
01713387502
01711528172
01747223723
01819080786 
01933399944
01768735481
01755578890
01711545432 
01842108610
01713049694
0173005985
01733746117 
01552383629 
01552383629
01712608920
029885071
01611170128
0255085611
01701777922
01727290235 
01727 987880
01618 987880 
01715036280
01321665744 
0187791470
8922697 01711563963
02883316970
01755680880 
01819873325
01819215678
01713214733 
028413743
01708140999
02222298272
02222280786
02222288587 
01730358178
0189270723
0255092450
01818908555 
01717276008 
01715260988
0298221078
01819215678 
01762339977
01713122753 
01712508594 
09666911374
01722540353
01755557133
0171531527 
01632169412
01730444194
01714021555 
01713039502
0171537045
01916721671
01732428775
0171527049 
0189208633 
8801814985858
01711594502
01765711064
01713 162557
01851836677
029003182 
0171592855
01711017867 
912932021
01612100500
01707777740 
029899542
0177740748
01713305103
02334452042
01711533016
881495960
0222264191
01713382622 
01919591057
0191591057 
01711531580
031652000 
031650262
029886241
0255087797
01735723870
01686338729
01922453311 
01819343023
01713109248 
01713249049
0171560439
01819335205 
01711560770
01755577850
09611689900
01618000718
01713185410
01713204669
01195137890
0173001009 
01711566009
01713382232 
01713081064
01755576763 
0255080246
0255080247
01731444997 
01817031515
01913584127
01976672073 
01199096860
01819350868 
01614134792
01714110749
01799838070 
01714110749
01796677979
01713104595
0312581710 
01712733173
0248957816 
0171342498 
01711402788
01819228619 
01923303963
0172183197
01817146882
024857978
01552107455 
01713001307
01711901685
6662602403 
01670321000
01711102909
01713193388 
0171595204
0173003540
01673912631 
01970854629 
01611463626
01740843603 
01727397171
01733663322
01713046464
01715032054
01715894474
01719892044
02550934256
01715 894474 
01730302020
01926266304
018252137 
88029261386
01713115025
8801755532935
01811481743
01811481741 
029852091
01750055755
01713049879 
01711535541
01712525151 
0312853777
01911 661716
01711888703 
028410707
01914438600
018291352 
01713042869
01790493350 
01711561595
01819116397
0187 026763
0189431645 
01713314859
01711115284 
01199245741
01819221625 
01713452707
01713161298
01747275186 
01711952054
9666405641
01712880836
01730053451 
0258071234
01711548915 
01611004682
01711 129815
01977936600
01627936600
01711843514 
01819226260
01713301470
961012 7900 
01674855654
01913093771 
01713017889
01715286356
01713025905
01711526415
0248964696
01713046556
01962 444333 
01678001240
01552448684
01711548158 
01819215454 
0171684291
0258951504 
01715113004
011818464
01711593704 
880 31 2553172
01713079939
025505202127
01760301249 
0312529437
0312529438
01711533529 
01713040326
0248959906
0255669922
01847050889
01711529761
01819318821
251228385 
01712340057
022222909423
01926670703
01926670700 
01711593603
018324008
01714167438
01711246584
01764474455 
01711547927
0171529877 
01714643046
01715 149448 
031657409
0171300147 
01755568837
01979434229
0171537210 
01923472800
01712089646 
01730735548
01842825555
0171222630
01817571757
0312512536 
01674800070 
01711545009
01711346642
0152500047 
01713400979
031652445 
01711960662
01819873265
01552666002
01937065400
01738977028
0171648490
01817145289
0312571282 
01713069578
01713 047814 
01820131173
01711520380
0189224564 
0171525666 
01707757170 
0189298732 
0171989944
01819242411 
0255051981
029847596
0312511556
01711725195 
028820851
01713190415 
01750062076 
0191881433
01611606060 
01917705900
01841458888
0171536007
01713121280 
01819241889
0173035599 
01726907284
01716 183083 
028933830
01731395495
01823772754
031652726 
01711912309
01815110875
01753929225
01711124265 
01711540379
01712 032193 
024108084751
01919211922
01713376736 
0171988633
01712308801 
01819247446
01819 253190
01711524672
01828661807
09609840626
09609686868
01729090557 
01714287569
0248951963 
01715769281
01926874398
01711527272 
01819277199
01713000786 
0255086670
01711624874
01678126377
01933300090 
01713 032651
01711393938 
01824686101
01717045555
01755642001
01755660166 
01714200239
01811191269
028952704 
01971150281
01711031136 
01671080971
01919039186 
01772935770
01713000546 
01673014813
0175625515 
01711988582
01716115695 
028900760
01678234568 
01713452725
01817008097
01678003600 
01713 107458
01711524963
024004107072
01972819496
410400712
01711594338
01817041361
041721866
0189407307 
8801730353374
0178302931
0244801095
0244801057
0244801096
01715048755
01678127974 
0171592669
01715297035
01615297035
01701203141
01797805561 
0191517081
01742366090
01711548771
01711224002
01713100031
01765292148
029844380
01765292148 
0171520083
01819240565
01711527310 
01711177325
01934330680
01711705917
011850081 
882765152
01711566325 
017110525967
01670278801 
028831129
01711612193
028831129 
01755501509 
07123158784
0258957222
011859265 
01704862278
01730449707
01715062861
029895466
01819225841
01715645766 
01715645766
01730302030
01713140313 
0171564888 
01922362111
01711564568
01301248468
01714295696
01716152732
01819217140
03125146478
01813170484
01713037732 
01778322222
01778311111
01755589160
0255168082 
01711526262
01711526264 
01711592972
01558677492
031624313
01713042532
01970077505
028991702
02489553749
01977896631
01732708756
01711523522
01819219202
880 31 2868614
01713123002
018245153 
01713015295 
01711527552
0171536229 
01721558230
01819147034
0258955979
01713452707
028849907 
01726407845
01825348444
0312571493
01733005328 
01817140399
01715304134
01711338724 
01779874354
01747423230
01811424287
01716273629 
01711563826
01970335610
01711565163
01713003949
02 8417285
01711560633 
01711534801
01711 534801 
01729097150
01713035360
01712674397
01730300495 
01715010996
01713069106 
01713453102
01712903796
01711524751
0248956859 
01713451993
01711528756
0171533006 
01753078077
01753078077 
01715069444
01713046301 
01733003304
01726966166 
01678074666
01713006578
01916158580
01670782044
01711505363
0171458057
0171315248 
027194346
01673289003
01966102096
0171547111 
01745709815
0189211461 
01711528172
01787659259
01713582043
0666268650
031613538 
01713 549077 
01711 389634
031716194 
01711548116 
01712707754
01730007770
029888406
028826948
01722422071
01730260250 
01713113223
01974113223
01713168050 
031252317
0312581058
01715741417 
01716878769
01711138032
01819940283 
0171560939
031615556
0171748181 
029841195
01738882466 
01711540231
01902225426
01711946288 
01617088279
01819260406 
011842118
01711800585 
01711534466
01199108604 
0258070272
01819257653 
01768117762 
01713191965
01813313108
01715540634 
01715026637
01672742227 
01711542578 
028418508
0255121826
01871800800 
01706564646
01919264045 
0248812360 
01892578550
0171595204
0173003540 
01764253738
018227225
01711564830 
0258957475
01711524823
01712848249
01911664899 
01713229302
01711520313
028411999
01711029429
01713 042328
0171561966
0171561966 
01911089301
01730805188 
01779477938 
01817701163
01819318945
0173000435
728607476
0171531437 
01711531437
728607476
01715287591
01711517879
01713481993 
018219202 
01713034376
01711567097 
880255077771
01911479514
018238166700
01712524297
01711528358
02 8414373
01713 044750 
01711616027
01745768839
01753888021 
01747055607
0255087066
01714234687
01713016338 
0288917906
0172170678
0171760010
028933568 
01713334866
01817628795 
031718933
01711749103
01818192292
01714132403 
01745691666
01711732898
0171520529
01684334455
988495052
01199865214
01711168328
031624792 
8802 8960411
01714 000080
01714110288 
01914459413
01199806055 
031633019
01819315038
031721161
01713011857
01917705371
01724871599
01819550355 
01730178718
01552633464
01766677337
01534560485 
01715430345
01975430345 
01712843637
01713046455 
01711537756
01730325320
01917192000
01818 045742 
028835892
01713083582
01911355957 
017521085 
01742392022
01614047830
01711461535
027253794 
0189411492 
018213156
01713061101
01798656590 
0171520871
01713038187
01713038187
028413983
028413993
0258813640 
01613400067
01199851842
01715730626
011801787 
029840023
0174060077
01191364882
01912487147 
01841400900
01711820643
01712819841 
018317730
01711567456 
01912017470
0171594686 
01713069508 
01925595588
01711526800
01711523213
096015103333
0960151000 
01911354153
01818679730
01711616027
01713459860
01713061163
0171666725 
01710895508
01713118168
028419248
01712 597323 
01911770208
01711567474
01711560210
01951514444
01713261635
01716906539 
01711722046 
0171530079
0173002366 
01713019513
028851650
01827514631
01711154851 
01611316965
018222618
018227030
0248952631
01727700344
01712151180 
01401123370
01819242076 
01715003759
027911471
01977049041
0171614995 
01711900964
01711528090 
880 966911713
01731318881
0173445235 
09678771591
01813023192
01612256919
0171522012 
01819606004
01764196765
031 2583245
01713048398
01713014048
01712970579
01713014780 
01616443333
01763794777
01818200401 
01713905371
031 717550
01817030625 
01750212636
027913382
0171529283 
01744444443
0248952631
01713033911 
01711242528
01819316680
01799070000 
04476700403
01552644004
01714166165 
029882719
01911997722
01976671666
01815110875
01713004705
01713062477 
01713010677 
01711568040
01711527927
01713034456
01925510007
0171525587
0171527200 
01713118187 
01865335600
01715135568
01775411483
01827550072 
8802 8913263
01713 005839
01711682014
01819228379
01715583010 
01726539824
01716524736
028412557
01678832105 
01713456936
01714465959 
01714035240
01779142278
01721525732
01720968855
01713014964 
01915621454
028850411
0247651260
01711853521 
01711534296
01714396119
01715419224 
01711529944
018324643 
01713403604
88 02 8922408
0171592436 
01819230596
01720387304
01730035096
0298850978
01711837736 
01725362114 
096177115100
0191624964017
01713015453
031251542224 
01914872579
01911393442
01713451830
019325631
028080863
01819261615 
0255085661
0255085472
01674324122
031717210 
01819213227
01711520038
0312514175
01819178944 
0173008859
01833314014
550351624 
028952418
01730438434
01711521171
01755690203 
01818652764
01716307525 
01818652764
01839994646
01726923130 
01913355580
031 728093
01711722875 
01814955590
01713077786
029832735 
01841678438
01704739856 
01755616804
01711478943 
01731741741
018264672 
028081303
01713203400
01713010163
01911017396
024004107072
01972819496
4104007172 
01713113605 
01819116522
01816411404
01912011253 
01711530700
01766681838
01819250180
01819354151
02334450647 
01712827799
01713020319 
023521151
01713075861
01819149450 
028957903
01618880011
01811412955
01713304937 
01773366333
018444862600 
01715339347
01713062250
01771740448
01711859033
011853215 
0255087422
01819523160 
985494547
01777719353 
01819225658
01971591250
01730317424
0255093619
0255093620 
011801131 
0248954396
01711523362
01727231694
0189319848 
01970077505
01819242095
01709606470
01709606482 
01713143833
01731746777 
0248954612
01817148867
01811419603
01811419601
028824090
01818217055
01920078618 
01713 043006 
01730071500
01730071501
01911341839 
01730031999 
027912211
01713062262
01619459146 
01713458696 
01720273633
01713032117
029883972
886108334 
0171537716
028711694
01670120623
028835601 
01713041214
01673898505
01923472800 
0171547652
01715615093
01939052133
01749553377
01738406635
029117666
01711176814 
01715202002
550870356
01787661373 
01713363362
01733663617 
01757830441
0222661654 
01711821260
01712224395 
01819226412
5505202129
01730303717 
01732155143 
018219141 
01552388911
01713042803
01711566352 
01713060648 
01307445907
01711591546 
01711655192
029020051
01674210264 
01713140319
025509185052
09617171600
01711337254
028418515
01717097087 
01915420300
031 2514580
01714107370 
01715000900
01799070000
01719588122
01911396757 
01934330681
01552388856
01619456144
01713062507 
01678661575 
01711521369 
01712806446
01817002574
01915722171
011762999
029880179
01755606049
01712016261 
01713014352
0284310923 
01726461217
01755619860
029880295
01715006064
01735755103 
01747570619
01726122255
01711593841
01716421429
01713001009 
01552456175
01924112333 
01678088918
01819313534
01819312976
031724115 
01713080308
01712646096 
9613777777
01713012925 
0088 01713 026745
01713 037051
881864849
0171547761 
01914853340
01715419234 
01955777888
01711525232
017130401054
88028933044
01917620021 
01618 034649
01705452650
01971599994 
03125511734
01713120871
01715561294
01714112704 
01711562777
9613777777 
9613777777
01714282989 
01713049609