01876000011
01817089420
01844016120
01844016001
01769107010
01769107011
01896100012
01771566673
01779969554
01938846761
01620895551
01613822522
01872604010
01872604012
01712577676
01916447349
01844010221
01834845549
01401777888
01777735171
01705293878
01312071109
01724444488
01712261633
01711333081
01888046555
01739739725
01810004590
01709646370
01833318380
01833318381
01833318386
01971841601
01750008179
01707080846
01707080847
01758666995
01771177213
01980003000
01777114488
01777114499
01755603310
01755603311
01713638723
01972787878
01977200701
01747200100
01841001201
01712027722
01777799466
01937776644
01938112244
01730883422
01974693097
01933009977
01931667788
01938844501
01730883460
01938844500
01731533733
01934777333
01784646565
01919616151
01321201600
01713558866
01707180152
01705444111
01711336761
01971336761
01972552233
01686605960
01792513656
01714674738
01717126778
01721509598
01930111666
01927555999
01966616661
01966616662
01404033002
01404033005
01758366051
01763946565
01711436856
01710809337
01731155444
01711860719
01720115611
01918402048
01730585003
01938844504
01716968847
01712233500
01708169697
01843999453
01711197012
01761498569
01761498565
01796336836
01712302771
01757982997
01712249389
01700763512
01757294061
01789150654
01777623567
01821888892
01745875790
01710985489
01991139037
01863231185
01890331021
01625100000
01824637393
01716933833
01833334311
01819508628
01611585887
01769312021
01669312022
01730195778
01740988532
01820309000
01553409149
01705373730
01726511532
01815459146
01775196664
01931070868
01558480701
01769322182
01769322183
01847191421
01859778065
01811911158
01610135480
01917708313
01833360333
01732923012
01866609991
01737453545
01874401100
01813329067
01820310045
01553242546
01820303574
01828819326
01610939311
01710939311
01866609400
01552975709
01556749073
01829349044
01812765074
01819636955
01970660066
01755691917
01766666530
01766666531
01755598449
01755598450
01714652227
01709934732
01775609915
01842609915
01779803971
01617834400
01617834401
01777744034
01777744030
01878556335
01875000010
01875000040
01556347711
01511994477
01833331703
01746825250
01977767688
01936444777
01777786232
01777786274
01952227740
01885978251
01712012208
01840477978
01996260298
01787664866
01715755112
01619717279
01616096280
01761492313
01839658743
01777155157
01840477707
01843631077
01710303090
01711341164
01618000700
01713185422
01713185426
01618000701
01732216677
01817380399
01709956522
01709956523
01777909595
01617909595
01849900000
01967122422
01755521726
01755521797
01912240588
01841122447
01841122448
01841122449
01816033445
01818596173
01716742464
01704555666
01831649434
01847417301
01769299999
01551444000
01770232625
01747626111
01551712111
01838506697
01838506763
01811510141
01858938273
01553325347
01324733707
01758554466
01793339222
01845776633
01730045054
01730045050
01845779999
01678060107
01678060273
01678060142
01678060124
01988330000
01552808000
01912782398
01838970754
01828866000
01790842777
01818270082
01716406123
01865246101
01816158412
01725159415
01624847411
01733115585
01731112757
01601649199
01991139026
01991139548
01845995575
01553421089
01859025694
01847070395
01769302370
01815761065
01814275755
01822168877
01634198005
01885424242
01884208060
01835538083
01877722859
01869232224
01881164864
01862643860
01847356781
01880908448
01883697728
01869157666
01842380234
01844172492
01611080962
01873249470
01829919786
01644698081
01840477976
01878745843
01681637836
01869104000
01820180750
01558180750
01709882001
01709882000
01766557760
01712071502
01708033544
01708033545
01716189288
01709883333
01616164066
01786493700
01753167216
01718316202
01711390039
01785509564
01712317515
01611602108
01925922982
01849394579
01917888974
01818001822
01817838383
01730051009
01730051011
01778816722
01675606060
01304122788
01889983926
01610555500
01716296934
01858222521
01911121292
01765152565
01787022220
01813705331
01752987688
01680550598
01746026134
01625788920
01711057947
01755592585
01755592584
01715852997
01975852997
01955124132
01955124133
01321213232
01321156888
01717401919
01730374871
01766673443
01966660090
01969908811
01777719313
01721595568
01713467831
01760004814
01880857926
01959437427
01711244412
01815648731
01716789634
01840477956
01722109670
01735581251
01753817449
01626182725
01912760010
01713486866
01735544650
01717629225
01912877811
01725067720
01766755755
01711066661
01712012848
01713339695
01613339696
01730793501
01987998566
01877722855
01766557780
01617005511
01911920666
01711232917
01713399001
01796446653
01719584899
01601222456
01755028993
01730051005
01819222212
01719769009
01701003010
01870701892
01837335595
01716773232
01918776551
01821827938
01632030000
01887057777
01763444000
01758771492
01711859334
01715331998
01715550995
01500018000
01707002750
01707002749
01552683454
01938305706
01711332605
01715041207
01716939540
01712104439
01764543535
01975888728
01746080856
01787696528
01787696295
01712203336
01552308849
01552333563
01718471961
01730706251
01711905489
01730706257
01192150563
01771799410
01613555953
01911771155
01841416464
01733585956
01711423454
01714267305
01767863558
01717950169
01811414074
01811414080
01712170330
01711676058
01190806447
01919782245
01714404902