01710112212
01680776327
01624-108797
88029892169
88-031-713151
02-44806340
01787661616
880-9638555111
01705184839
01819211690
09610-770555
029635200
9614501902
01844652066
01819 249777
09613250250
01793005257
88 01798240659
01746776301
8801568-202883
01844054109
029861858
8801310333444
8801711013932
01726858066
88029140292
88 01713615831
8801714245681
01730496861
0222-3355293
01670210764
09609003300
88028396601
01708525994
88 02 58052503-4
88 01713044369
8809617999777
8801762696042
0258970255
8801324738600
01916741835
8000555777
880 1713-304945
01717014217
01764511058
02-41080481
8801404055226
880255111679
01816103732
88 02 8933139
88 02 4109 0191
02-55012128
8809666722788
01772058703
01856666795
01674942307
880258155672
0170233256
01711506876
01999200200
01799428594
01819331933
01711532597
8809609252739
031637733
88029899052
01742925686
01714065644
01300234756
88 01866154654
01730358641
01845788633
029635152
88 02 9611726
01824166811
01709638201
01736518223
01755-587237
01552425947
02-8189349-50
01711500990
01711612377
01677058433
8809638339900
88 09610 110 110
01966100888
01674942307
029119703
8801771515151
01844046600
01772862651
09606003638
8809606606606
880257160830
01678-016513
01973054632
01715010998
01753860306
09639909090
8801841361915
01766333986
029843076
01711081498
8809610405060
88028415310
880 29022323
8801676053114
8801717221398
8801711843283
09612225538
01717677451
02-9119164
88-02-8711879-80
09678800324
8801643389863
01708599819
88 02 8815010
8801922000025
88-02-44810012-3
8801941444499
01963999555
01838017009
8801764196477
880 961 188 8444
01714042154
09678690690
028835608
8809611121234
8802588817558
01975309001
222241423
01716658644
01672988438
88029135266
01886544220
031-2856161
08801787284246
01732512789
88 01711 328171
8801944444666
8801992351618
880255048474
02-96327537
01833692607
0167206370
09614004775
1515840575
029886531
88027115298
88028837429
8809610121121
02-48955264
01886647900
01779 824005
01878776002
01884690678
01712405152
01738240668
01727244400
8809619200060
8801302318573
8801304445000
01617811071
8801733563502
01934453979
01738116740
8801774007887
01711563490
01873834578
01733347590
09678505050
01777789984
09611699824
01749400027
01847347832
01732485840
01781797026
880 1971307858
02-48955264
01755032772
02-41040071
01776056436
8801914092223
08801791448800
8809612341000
01706643280
09642622622
01737678699
01751901665
09642601577
02-9668000
02222224175
09611686744
8801309265781
88025501327
029032597
01970711632
01713750153
01713-032838
01911333886
02 58815468
8809677220022
880255013216-7
8801707133554
01319791339
02 9821741
01712922233
01850975966
88 01788431645
880312555141
8809639171827-30
01757477717
8801614757047
8801912951074
01912951074
02-8414548-49
41061073-74
01711526355
8801781 200300
01718371981
01958444850
01713334862
01818965653
02 44810030-1
01819870058
01713229902
01984300120
01535820840
09613242828
8801310589636
0255012160-1
02-8189301
02 8815415
01766358772
01844237178
01711505146
01730745357
1873065453
8802222287539
01814655961
01782655898
880-1759-747-387
01716094232 01608967110
01715-016193
01986000600
88-02-483-11473
01911310168
01712579697
0255012477
0447600001001922110118
09636221234
8801958503155
8801958503155
8801711788186
88029146388
8801711939133
01811111419
9678375375
880255080784
01707282809
01711409705
880 9612221000
880 2 4831 6009
01911119966
8801713222426
01674396078
01979998701
01979998702
88029887632
01919414153
0248956868
01717859464
8828629206
01797587245
9678002003
01712711002
8801753855401
01755569701
01678005505
1759228822
88029033044
88 02 9115222
9612440787
8801774548838
01777894663
880 1310 589636
01729208825
88 01400 100010
880 961 099 7929
01713453337
8801688496163
01973883211
01671112027
01300954242
01707082423
01683786330
8801916068318
880 1791 680 236
8801309265781
8802 8838001-4
88-02-55130556-57
01776057078
01755601370
01716441700
01777174791
222223512-13
0963944455501710291950
8801710205657
8801711326673
01864589945
01711958087
880258157939 01711871990
01829077648
01711167756
88028715368
01727444888
880258817535
01713002220
8801711991713
8801722122166
01946082851
01678028456
01716-552497
8801741410448
880 9666769677 880 255049677
09678777220
8833463-64
01670595531
01776185685
02-44806340
8801751000077
880241090373
09612461101
01612173440
01714023737
01938861300
01623060606
09678224224