01777770102
01914319989
09609555444
01914212373
01711523285
8880-2-226600707
9611 888 444
01711350043
01703596292
8801321192400
27001-2013 
01816348420
01711522597
01948231219
8801550000061
01814655962
01711272324
01678134846
01711567377
01713428430
01912093331
880 1799985320
01730334690
01717547393
01711298871
8809606999216
880 1733-370333
01715596759
01730311601
09666 793 793
88 02 8396601
01819218301
01727654326
01322813550
01847289307
01713458492
01730338838
09678771668
8801711507013
01716420077
01890364569
01707371161
01313586060
01730037401
01777206647
01905536125
01676053114
01755513839
01819228870
01873204204
01938990250
01755300300
01730006578
01712901764
01811459759
01777768251
01550079888
01711521964
01713015318
01711630620
01717477626
01717135735
01713017459
01718346170
01713020350
01772544464
01911491905
880258811322
01755501619
01680541776
01730334690
01912522017
01777773690
01786866666
01730070545
02-222229704
01716585879
01715317527
8801777174791
01870749001
01713377327
88 02 48321464
01713009282
01678049432
01988000800
8801310519597
01675932265
01708468020
8801713615831
02-48953665-70
01819461717
01716462613
01730599461
01817040555
01717510323
01675512278
01711541366
880-191-996-8025
01715677812
01784529388
01717614203
01741674189
01917744365
01324254811
88 02 9830915-18
01754874745
02-55 111 651
8801790675227
01716631582
01755883771
01730006578
01324736656
01673914890
01730341177
880 1907-108700
01713032934
01713063284
01715950416
01711082212
01975243462
0248964500
01713090032
01971544719
49 1520 8911326
9810178264
01713428928
8801711-135877
01751219503
01758637902
01729072092
01556981107
01717639422
8801713452228
01710441906
01723283638
01911525373
01733919791
01685403332
01712934472
01894-885555
01730047765
01749151909
88-09678777179
88-09678777180
01713019325
01711696204
09606 993300
01847180965
01716441700
01717428470
01713064482
01630741299
01841389900
880 1717 983 473
013137174305
01873404971
01401794171
01708811190
01841297430
8801321129245
01966050506
8809612443322
01984743393
8801755529174
01703235615
8801703-235615
8801780504501
01711460247
01914858505
01737243293
01818240817
880 1907-108700
01674530844
01715011210
880 2 2222284338
01894829225
01749057597
01730715222
01613486477
880 1881 515189
01626681812
8809638700300
01725744535