8801796325512
003444797-0307
724379919879
01796325512
88 02 8831595
8801911934368
88 02 8831595
8801611016234
002154085-0202
116479137799
88 02 8831595
8801714751902
005071397-0201
396277403014
88 02 8831595
8801672000110
443050856651
88 02 8831595
8801614431488
88 02 8831595
8801711660350
003971512-0208
732651338254
88 02 8831595
8801713083922
757430660616
88 02 8831595
8801711122036
88 02 8831595
8801811292637
640173994650
88 02 8831595
8801611503603
88 02 8831595
8801792888880
002455753-0202
88 02 8831595
8801816843419
88 02 8831595
8801602241382
541969873329
01612462356
88 02 8831595
8801677449354
88 02 8831595
8801760727537
005166217-0205
685848405654
88 02 8831595
8801908844460
005996982-0101
190849500842
88 02 8831595
8801922110401
002348168-0202
335541180543
88 02 8831595
8801818883222
88 02 8831595
8801715460505
0028665630401
363846458481
8801975555866
88 02 8831595
8801714108076
88 02 8831595
8801304735553
88 02 8831595
8801958105092
88 02 8831595
8801712681036
88 02 8831595
8801814306988
001789355-0504
171662302283
88 02 8831595
8801713445930
001809704-0503
580092740579
88 02 8831595
8801711580931
005662621-0103
462504462649
88 02 8831595
8801919275586
001571767-0801
838534102545
88 02 8831595
8801711667912
000654532-0801
729168717442
88 02 8831595
8801819486003
0057730850504
6918-1978-7551
88 02 8831595
8801760060060
88 02 8831595
8801672281713
88 02 8831595
8801836713563
0041987980506
151444255573
88 02 8831595
8801711504817
88 02 8831595
8801950090300
003123223-0103
433611382171
88 02 8831595
8801789027071
000042434-1101
644960296268
88 02 8831595
8801611160096
88 02 8831595
8801907263690
0046492520801
714331469051
88 02 8831595
8801721257146
005568592-0103
481545225985
88 02 8831595
8801873641194
161506518059
88 02 8831595
8801843621882
88 02 8831595
8801622122111
656481644847
88 02 8831595
8801908881204
002003567-0204
680739744081
01625220632
88 02 8831595
8801711125064
88 02 8831595
8801819136418
003249188-0605
168083994816
88 02 8831595
8801727472868
88 02 8831595
8801835800604
001153716-0505
198331250038
88 02 8831595
8801772748866
88 02 8831595
8801707777425
21261389419000548
005333722-0206
846570711773
88 02 8831595
8801783855558
21261389419001012
005877966-0206
153851172585
88 02 8831595
8801999995675
22261389819008927
368946936660
01999995675
88 02 8831595
8801988088803
0049320280206
447561195925
88 02 8831595
8801689483949
88 02 8831595
8801611261136
88 02 8831595
8801716972471
88 02 8831595
8801711138105
000913953-0306
212477610994
01711138105
88 02 8831595
8801713907336
88 02 8831595
8801761076872
005613742-1006
525153673088
88 02 8831595
8801711123499
05-167-13144
002273117-1103
127 037 787 033
88 02 8831595
8801711428121
002544975-1106
335689777531
88 02 8831595
8801714924285
467508513139
88 02 8831595
8801738291879
88 02 8831595
8801919176558
88 02 8831595
8801818201162
20231317686000171
001867347-0606
4349-7925-5397
88 02 8831595
8801919195787
88 02 8831595
8801711101294
88 02 8831595
8801840145171
88 02 8831595
8801844454496
88 02 8831595
8801760005550
638297796254
88 02 8831595
8801909116611
002091117-0606
321-105-0951
88 02 8831595
8801714179894
88 02 8831595
8801673123466
88 02 8831595
8801711580828
001467607-0807
496885548446
88 02 8831595
8801407675030
005782289-0404
168242791677
01407675031
88 02 8831595
8801627490275
88 02 8831595
8801778248619
003354695-0704
264564446429
01778248619
88 02 8831595
8801813780120
005308384-0103
768365552931
88 02 8831595
8801711824872
002064592-0604
394-106-7075
01714360636
88 02 8831595
8801916940777
004003511-1108
183811359208
88 02 8831595
8801709851501
03-002-00902
645846954789
88 02 8831595
8801719356311
1701021100033379
680951686841
88 02 8831595
8801993034172
004726928-0206
161595753498
88 02 8831595
8801684898208
161540000172
833768844577
88 02 8831595
8801922572222
8801922572222
88 02 8831595
8801712323355
8212-3021-0743
88 02 8831595
8801712267474
88 02 8831595
8801994860546
88 02 8831595
8801672595901
88 02 8831595
8801844574477
08-013-00135
004143417-1002
180660667153
88 02 8831595
8801711223472
004187311-0506
784114370204
88 02 8831595
8801642977900
88 02 8831595
8801799897988
88 02 8831595
8801816026900
004153988-0507
514871723911
88 02 8831595
8801707077919
88 02 8831595
8801616977777
001558467-0403
745126408328
88 02 8831595
8801772835353
88 02 8831595
8801748938343
143200007024710123620
2021-00139
004461007-0303
120178624493
88 02 8831595
8801716637001
001802951-0208
01911405085
88 02 8831595
8801923799513
88 02 8831595
8801712847563
0048305567-0604
793195157534
88 02 8831595
8801852491027
1230002071
001418446-0701
385997507486
88 02 8831595
8801712785435
88 02 8831595
8801718029641
003495109-0403
313526103359
88 02 8831595
8801782438642
88 02 8831595
8801703858933
001477375-0306
733088172015
88 02 8831595
8801812388506
005948374-0404
88 02 8831595
8801717172949
88 02 8831595
8801918878456
003359891-0802
182434846586
88 02 8831595
8801788839997
88 02 8831595
8801711441315
736151845107
88 02 8831595
8801711131168
003640447-0801
221412631874
88 02 8831595
8801823588558
002324742-0603
179973342181
88 02 8831595
8801707360130
006021989-0204
756855500992
88 02 8831595
8801755569055
374754327666
88 02 8831595
8801705477558
1943044477
002393879-0604
149255856027
88 02 8831595
8801717258390
1230000099
004478182-0701
462387163174
88 02 8831595
8801724828583
642214855033
01722104085
88 02 8831595
8801841919592
1701021300033995
004250332-0601
133951843120
88 02 8831595
8801711349064
004919558-0701
01753611093
88 02 8831595
8801742240046
137746772606
88 02 8831595
8801875781210
005816623-0606
664343143052
88 02 8831595
8801750018072
20221317682000144
005733171-0606
270588819911
88 02 8831595
8801711396361
0012307850504
248385533117
01894415522
88 02 8831595
8801927000555
143686658180
88 02 8831595
8801928760317
005075095-0307
624917256056
88 02 8831595
8801979998989
762002780469
88 02 8831595
8801767171394
728024865960
88 02 8831595
8801711595985
880171159598
88 02 8831595
8801309988699
724816845962
88 02 8831595
8801736823021
88 02 8831595
8801812617151
002764157-0603
01705449862
88 02 8831595
8801712146179
88 02 8831595
8801843893970
88 02 8831595
8801720967760
88 02 8831595
8801715510881
88 02 8831595
8801687242681
88 02 8831595
8801788785757
20192617239008044
521649201587
88 02 8831595
8801676554264
194565624132
8801676554264
88 02 8831595
8801858050322
003644648-0506
88 02 8831595
8801682678772
422897788035
88 02 8831595
8801620611438
88 02 8831595
8801747743553
002610839-0307
381299866991
01863-646970
88 02 8831595
8801711108880
20192628008008072
230615295832
88 02 8831595
8801854333334
20212613869007940
150508143721
88 02 8831595
8801715304280
88 02 8831595
8801708518750
005735319-1006
170340651529
88 02 8831595
8801718669565
88 02 8831595
8801721605089
88 02 8831595
8801706821294
88 02 8831595
8801405396030
005382522-0302
384971384600
88 02 8831595
8801817640650
003373347-0201
751760804580
88 02 8831595
8801911530022
88 02 8831595
8801732580758
01732580758
88 02 8831595
8801911407407
08-007-01533-00
003767502-0905
684122828276
01958506206
88 02 8831595
8801833116468
876938355517
01730787305
88 02 8831595
8801919083855
88 02 8831595
8801677616200
004175882-0101
741469984355
88 02 8831595
8801796584606
0009170870401
889991113228
88 02 8831595
8801718962068
002727343-0807
170344183321
88 02 8831595
8801911328007
001951797-0102
836531418562
88 02 8831595
8801885933131
01715000466
88 02 8831595
8801720848334
88 02 8831595
8801711063440
005910212-0503
41192265477
88 02 8831595
8801730182009
2020-00211
001382747
88 02 8831595
8801761548424
01324447678
88 02 8831595
8801716109545
162471000019
002093407-0103
449531952447
88 02 8831595
8801717725576
88 02 8831595
8801850524141
01850524141
88 02 8831595
8801723908375
003475489-0505
487933434074
01711202678
88 02 8831595
8801841826156
002317016-1108
536729957200
88 02 8831595
8801909549272
000655581-0901
184578795141
88 02 8831595
8801752532526
003132003-0702
581463199229
88 02 8831595
8801731524734
88 02 8831595
8801612112112
003988863
412745455692
88 02 8831595
8801718008771
88 02 8831595
8801819250257
01313841818
88 02 8831595
8801713580163
88 02 8831595
8801712541530
000084523-1004
544649484313
88 02 8831595
8801716882919
1230014615
001251057-0701
239833679682
88 02 8831595
8801675060605
56982123 7902
88 02 8831595
8801740858043
000687205-0803
648313488967
01701434001
88 02 8831595
8801824502112
9111099106
1152003529
88 02 8831595
8801711186445
2023-00383
005415069-0401
326823881940
88 02 8831595
8801719879568
88 02 8831595
8801715666650
001290682
576189421853
88 02 8831595
8801894631110
09-009-00711
60000444920
318637199488
88 02 8831595
8801733665506
299451555698
88 02 8831595
8801713435830
000382421-0102
169556970867
88 02 8831595
8801718013769
88 02 8831595
8801707310784
001365704-0201
210013516548
88 02 8831595
8801730068845
004311883-0101
239990484400
88 02 8831595
8801842773666
004695146-0505
175661203788
88 02 8831595
8801841940000
88 02 8831595
8801715159194
001592887-0102
327471700914
88 02 8831595
8801976222979
88 02 8831595
8801706421768
123806376093
88 02 8831595
8801713461138
01713461138
88 02 8831595
8801684266463
88 02 8831595
8801970050005
002431393-0206
755348484873
88 02 8831595
8801675799815
005042959-0401
544515729824
88 02 8831595
8801711198493
001327013-0402
111798956205
88 02 8831595
8801922231777
003733764-0101
190515373095
88 02 8831595
8801670900000
88 02 8831595
8801620011150
002813756-0101
750091296791
88 02 8831595
8801919652663
000194441-0208
281015255926
01919652663
88 02 8831595
8801711082206
88 02 8831595
8801815155855
88 02 8831595
8801710126126
88 02 8831595
8801511776611
88 02 8831595
8801712969872
877667464021
88 02 8831595
8801613719181
88 02 8831595
8801671520688
88 02 8831595
8801974990089
0045670055-0205
160293717427
88 02 8831595
8801819271701
88 02 8831595
8801795088777
88 02 8831595
8801731147774
88 02 8831595
8801711373896
001686157-0401
432974167368
88 02 8831595
8801612272997
88 02 8831595
8801915676601
002770473-0401
660011549861
88 02 8831595
8801970222611
003354059-0401
514154664772
88 02 8831595
8801742125002
88 02 8831595
8801854444000
893446739268
88 02 8831595
8801979250889
88 02 8831595
8801829116107
88 02 8831595
8801977769006
002632239-0307
729331715471
8801904095939
88 02 8831595
8801711522098
176901978372
01711522098
88 02 8831595
8801711086042
001332882
466583883813
88 02 8831595
8801971119837
001824881-0307
675124512925
88 02 8831595
8801775225225
547564907304
88 02 8831595
8801711874435
88 02 8831595
8801682882668
88 02 8831595
8801300778577
88 02 8831595
8801552484486
88 02 8831595
8801618889010
004360311-0205
138084902268
88 02 8831595
8801707255477
9121170875
139462294606
88 02 8831595
8801712947206
88 02 8831595
8801711562044
001924988-0208
855665636443
8801616811811
88 02 8831595
8801787142046
88 02 8831595
8801712821795
002362418-0401
438891638770
88 02 8831595
8801757189867
88 02 8831595
8801940210129
88 02 8831595
8801819898851
002217033-0102
674163981267
88 02 8831595
8801915535853
88 02 8831595
8801615331145
627333600801
88 02 8831595
8801717441168
002740282-0307
440216170365
88 02 8831595
8801714420001
8801714420001
88 02 8831595
8801677478156
88 02 8831595
8801915410253
0056815750401
370693581034
88 02 8831595
8801915634248
88 02 8831595
8801619008822
001410317
390254838452
88 02 8831595
8801819159757
001882213-0401
144527614242
88 02 8831595
8801814382924
88 02 8831595
8801614494943
000527025-0202
431198445675
01614494943
88 02 8831595
8801752830000
88 02 8831595
8801715862648
88 02 8831595
8801618889666
88 02 8831595
8801766228900
88 02 8831595
8801819990942
88 02 8831595
8801911498991
88 02 8831595
8801819540470
88 02 8831595
88 02 8831595
88 02 8831595
8801978004545
88 02 8831595
8801981093458
88 02 8831595
8801678710300
88 02 8831595
8801920096908
88 02 8831595
8801926759677
88 02 8831595
88 02 8831595
88 02 8831595
8801913848179
88 02 8831595
8801713331474
88 02 8831595
8801911866711
88 02 8831595
8801711111138
88 02 8831595
8801715699191
88 02 8831595
8801757666432
88 02 8831595
88 02 8831595
8801717913236
88 02 8831595
88 02 8831595
8801819216210
88 02 8831595
8801788966699
88 02 8831595
8801918408488
88 02 8831595
8801819230928
88 02 8831595
8801841030603
88 02 8831595
88 02 8831595
88 02 8831595
8801716003919
88 02 8831595
8801835000800
88 02 8831595
8801706614492
88 02 8831595
8801681957430
005336682-0301
349824886944
88 02 8831595
88 02 8831595
88 02 8831595
88 02 8831595
8801713012412
88 02 8831595
8801777819101
88 02 8831595
8801711346305
88 02 8831595
8801681445003
88 02 8831595
8801310818335
88 02 8831595
88 02 8831595
88 02 8831595
88 02 8831595
8801715495159
88 02 8831595
8801678147147
002447323-0205
88 02 8831595
8801844630555
88 02 8831595
8801711376082
88 02 8831595
8801711261050
88 02 8831595
8801844263460
88 02 8831595
88 02 8831595
8801819212555
88 02 8831595
8801869846663
88 02 8831595
8801945599010
88 02 8831595
8801914209836
88 02 8831595
8801911351906
88 02 8831595
88 02 8831595
88 02 8831595
88 02 8831595
8801713030203
88 02 8831595
8801713481059
88 02 8831595
8801912999222
88 02 8831595
8801711436062
88 02 8831595
88 02 8831595
8801732969696
88 02 8831595
88 02 8831595
8801612330900
88 02 8831595
8801789667359
88 02 8831595
8801711464206
88 02 8831595
8801760922888
88 02 8831595
8801711829031
88 02 8831595
88 02 8831595
88 02 8831595
8801713036806
88 02 8831595
8809639248500
88 02 8831595
8801911490550
88 02 8831595
88 02 8831595
8801784801300
88 02 8831595
88 02 8831595
88 02 8831595
8801678002401
88 02 8831595
8801711961881
88 02 8831595
8801621409998
88 02 8831595
8801915488000
88 02 8831595
8801719916266
88 02 8831595
8801945947946
88 02 8831595
88 02 8831595
8801819231922
002578891-0101
447934468112
01817040798
88 02 8831595
8801741636674
88 02 8831595
8801955522333
88 02 8831595
88 02 8831595
8801759884455
88 02 8831595
88 02 8831595
8801711521512
88 02 8831595
8801855440202
88 02 8831595
8801872625909
88 02 8831595
8801720120009 01671122010
88 02 8831595
88 02 8831595
88 02 8831595
88 02 8831595
8801759694737
01759694737
88 02 8831595
8801716575757
88 02 8831595
8801917714450
88 02 8831595
8801611685588
88 02 8831595
8801911658862
88 02 8831595
88 02 8831595
8801915379838
88 02 8831595
88 02 8831595
8801711437179
88 02 8831595
8801712829452
88 02 8831595
8801675306520
88 02 8831595
8801819162118
004121832-0101
572208736430
88 02 8831595
88 02 8831595
88 02 8831595
88 02 8831595
8801711562071
88 02 8831595
8801767834626
88 02 8831595
8801618464347
88 02 8831595
8801978888349
001014602-0101
340722562260
88 02 8831595
8801909750611 01909750612
88 02 8831595
88 02 8831595
88 02 8831595
88 02 8831595
8801711720010
88 02 8831595
8801708378025
88 02 8831595
8801683504616
88 02 8831595
8801676099988
88 02 8831595
8801943337376
88 02 8831595
88 02 8831595
8801819686256
88 02 8831595
88 02 8831595
8801730000081
88 02 8831595
8801740424947
88 02 8831595
8801712220000
88 02 8831595
88 02 8831595
8801717448788
88 02 8831595
8801713012412
88 02 8831595
8801672074417
88 02 8831595
8801712739621
88 02 8831595
8801712158287
88 02 8831595
8801712969872
88 02 8831595
88 02 8831595
88 02 8831595
88 02 8831595
8801844160111
88 02 8831595
8801817059565
88 02 8831595
8801977700303
88 02 8831595
8801720352263
88 02 8831595
8801734713549
88 02 8831595
88 02 8831595
88 02 8831595
88 02 8831595
8801912093331
88 02 8831595
8801768003399
88 02 8831595
8801617349596
88 02 8831595
8801612249131
88 02 8831595
8801972144162
88 02 8831595
8801837686343
88 02 8831595
88 02 8831595
8801306442055
88 02 8831595
8801717448547
88 02 8831595
8801681940667
88 02 8831595
8801974303532
88 02 8831595
8801912079249
88 02 8831595
8801742050739
88 02 8831595
88 02 8831595
88 02 8831595
8801678116064
88 02 8831595
8801716923729
88 02 8831595
8801701696969
88 02 8831595
8801911166993
88 02 8831595
8801611555527
88 02 8831595
88 02 8831595
88 02 8831595
88 02 8831595
8801713113113
88 02 8831595
8801920792354
88 02 8831595
8801714418363
88 02 8831595
8801748714855
88 02 8831595
88 02 8831595
88 02 8831595
88 02 8831595
8801713428098
88 02 8831595
8801819211690
88 02 8831595
8801971994953
88 02 8831595
8801935728519
88 02 8831595
8801714932447
88 02 8831595
88 02 8831595
88 02 8831595
88 02 8831595
8801552311668
88 02 8831595
8801722336386
88 02 8831595
8801677002651
556310771782
88 02 8831595
8801815571721
88 02 8831595
88 02 8831595
88 02 8831595
88 02 8831595
8801711532496
88 02 8831595
8801761686863
88 02 8831595
8801973911311
88 02 8831595
8801857888897
88 02 8831595
8801722336386
88 02 8831595
8801677002651
556310771782
88 02 8831595
8801815571721
88 02 8831595
88 02 8831595
88 02 8831595
88 02 8831595
8801711532496
88 02 8831595
8801761686863
88 02 8831595
8801973911311
88 02 8831595
8801857888897
88 02 8831595
8801715149828
88 02 8831595
88 02 8831595
88 02 8831595
88 02 8831595
8801709653977
88 02 8831595
8801884125575
88 02 8831595
8801711202862
88 02 8831595
8801911283185
88 02 8831595
88 02 8831595
88 02 8831595
8801711132230
88 02 8831595
8801711041150
88 02 8831595
8801675390970
88 02 8831595
8801627284979
88 02 8831595
88 02 8831595
88 02 8831595
8801755650974
88 02 8831595
8801841503592
88 02 8831595
8801713033204
88 02 8831595
8801719389830
88 02 8831595
88 02 8831595
8801714090388
88 02 8831595
8801712202976
88 02 8831595
8801977035404
88 02 8831595
8801789985990
88 02 8831595
8801766100666
88 02 8831595
8801715087609
689672760704
88 02 8831595
88 02 8831595
88 02 8831595
8801711531723
88 02 8831595
8801717157421
88 02 8831595
8801716525440
88 02 8831595
8801867400875
88 02 8831595
88 02 8831595
88 02 8831595
8801777770396
88 02 8831595
8801636139654
88 02 8831595
8801676664373
88 02 8831595
8801711350148
88 02 8831595
8801674896542
88 02 8831595
88 02 8831595
01815323593
88 02 8831595
8801717830949
88 02 8831595
8801919773434
88 02 8831595
8801636835131
88 02 8831595
8801719680968
88 02 8831595
88 02 8831595
88 02 8831595
8801711235241
88 02 8831595
8801766246866
88 02 8831595
88 02 8831595
02-55057017
88 02 8831595
88 02 8831595
88 02 8831595
8801973868888
88 02 8831595
8801713630051
88 02 8831595
8801979474672
88 02 8831595
8801833363313
88 02 8831595
88 02 8831595
88 02 8831595
8801707080998
88 02 8831595
8801759697919
88 02 8831595
8801957206213
88 02 8831595
8801766944998
88 02 8831595
8801761863730
88 02 8831595
88 02 8831595
88 02 8831595
88 02 8831595
8801613148718
88 02 8831595
8801717034862
88 02 8831595
8801979474672
88 02 8831595
8801833363313
88 02 8831595
88 02 8831595
88 02 8831595
8801707080998
88 02 8831595
8801759697919
88 02 8831595
8801957206213
88 02 8831595
8801766944998
88 02 8831595
8801761863730
88 02 8831595
88 02 8831595
88 02 8831595
88 02 8831595
8801613148718
88 02 8831595
8801717034862
88 02 8831595
8801817090673
88 02 8831595
8801911666638
88 02 8831595
8801631837976
88 02 8831595
88 02 8831595
88 02 8831595
8801799766017
88 02 8831595
8801929200102
88 02 8831595
8801822443356
88 02 8831595
8801552344035
88 02 8831595
8801712179162
88 02 8831595
8801914115610
88 02 8831595
8801711567737
88 02 8831595
88 02 8831595
8801730000300
88 02 8831595
8801730872230
01947336987
88 02 8831595
8801915439244
88 02 8831595
8801752000325
88 02 8831595
8801916045971
88 02 8831595
8801916916666
88 02 8831595
88 02 8831595
88 02 8831595
8801614000000
88 02 8831595
8801720998718
88 02 8831595
8801819284414
88 02 8831595
88 02 8831595
88 02 8831595
88 02 8831595
8801713109056
88 02 8831595
8801738977510
88 02 8831595
8801966596073
88 02 8831595
8801557373273
88 02 8831595
88 02 8831595
88 02 8831595
8801611959595
88 02 8831595
88 02 8831595
88 02 8831595
88 02 8831595
8801711905037
88 02 8831595
8801723647106
88 02 8831595
88 02 8831595
88 02 8831595
88 02 8831595
8801322894549
88 02 8831595
8801767577777
88 02 8831595
8801912280245
88 02 8831595
8801746112266
88 02 8831595
8801670769458
88 02 8831595
88 02 8831595
88 02 8831595
88 02 8831595
8801730006578
88 02 8831595
8801714714811
88 02 8831595
8801916569000
88 02 8831595
8801681812798
88 02 8831595
8801818148404
88 02 8831595
88 02 8831595
88 02 8831595
8801819439329
88 02 8831595
8801611811911
88 02 8831595
8801847125404
88 02 8831595
8801700871783
88 02 8831595
88 02 8831595
88 02 8831595
88 02 8831595
8801713453137
88 02 8831595
8801688626822
88 02 8831595
8801611504098
88 02 8831595
8801918536441
88 02 8831595
8801700871784
88 02 8831595
8801870211331
88 02 8831595
88 02 8831595
88 02 8831595
8801833320860
88 02 8831595
8801765101011
88 02 8831595
8801915398127
88 02 8831595
88012716480953
88 02 8831595
8801970734000
01970734000
88 02 8831595
88 02 8831595
88 02 8831595
8801841126523
88 02 8831595
8801713122626
88 02 8831595
8801912338924
88 02 8831595
8801929911700
88 02 8831595
8801911477359
88 02 8831595
88 02 8831595
8801685666455
88 02 8831595
8801766696044
88 02 8831595
8801714757944
88 02 8831595
8801918861000
88 02 8831595
88 02 8831595
88 02 8831595
88 02 8831595
8801713015318
88 02 8831595
8801732282502
88 02 8831595
8801715159115
88 02 8831595
8801686292619
88 02 8831595
88 02 8831595
88 02 8831595
8801713493097
88 02 8831595
8801711057848
88 02 8831595
8801746655678
88 02 8831595
8801855584878
88 02 8831595
88 02 8831595
88 02 8831595
8801711957184
88 02 8831595
8801907878242
88 02 8831595
8801614706423
88 02 8831595
8801611113898
88 02 8831595
88 02 8831595
8801713369090
88 02 8831595
8801939916144
88 02 8831595
8801616999183
88 02 8831595
8801612220348
0055875620202
281442545357
88 02 8831595
8801721715646
88 02 8831595
88 02 8831595
88 02 8831595
88 02 8831595
8801711535770
88 02 8831595
8801711237127
88 02 8831595
8801712594741
88 02 8831595
8801684801216
88 02 8831595
88 02 8831595
88 02 8831595
88 02 8831595
8801730372931
88 02 8831595
8801717609328
88 02 8831595
8801971481144
88 02 8831595
8801911109993
88 02 8831595
8801979983173 01849983173
88 02 8831595
88 02 8831595
88 02 8831595
88 02 8831595
8801716420077
88 02 8831595
8801972616101
88 02 8831595
8801711327137
88 02 8831595
8801751171906 02-7540053
88 02 8831595
88 02 8831595
8801610606032
88 02 8831595
8801916569000
88 02 8831595
8801715138266
88 02 8831595
8801688930803
88 02 8831595
8801768458080
88 02 8831595
8801841233341
88 02 8831595
88 02 8831595
88 02 8831595
88 02 8831595
8801713363908
88 02 8831595
8801670104323
88 02 8831595
8801855584878
88 02 8831595
8801915573556
88 02 8831595
88 02 8831595
8801917795932
88 02 8831595
8801720592747
0023155920101
356952184809
88 02 8831595
8801718128917
88 02 8831595
8801911960760
88 02 8831595
8801920494392
88 02 8831595
8801816613060
88 02 8831595
88 02 8831595
88 02 8831595
8801721771960
88 02 8831595
8801977801052
88 02 8831595
8801685512000
88 02 8831595
880171700321
88 02 8831595
88 02 8831595
88 02 8831595
8801815447927
88 02 8831595
8801716432638
88 02 8831595
8801671899828
88 02 8831595
8801674418578
88 02 8831595
8801914165281
88 02 8831595
88 02 8831595
8801733555270
88 02 8831595
8801814919190
88 02 8831595
8801944111122
88 02 8831595
8801912683064
88 02 8831595
8801715882188
88 02 8831595
8801711831044
88 02 8831595
88 02 8831595
8801842783868
88 02 8831595
8801817088176
88 02 8831595
8801712720568
88 02 8831595
8801677233220
88 02 8831595
88 02 8831595
8801933344488
88 02 8831595
8801911183658
88 02 8831595
8801613145601
88 02 8831595
88 02 8831595
88 02 8831595
8801730344447
88 02 8831595
8801717083364
88 02 8831595
8801902225522
88 02 8831595
8801620330812
88 02 8831595
88 02 8831595
88 02 8831595
88 02 8831595
8801713041323
88 02 8831595
8801758352888
88 02 8831595
8801914311611
88 02 8831595
8801948123123
88 02 8831595
8801755651242
88 02 8831595
88 02 8831595
88 02 8831595
8801711111591
88 02 8831595
8801853959590
88 02 8831595
8801626936363
88 02 8831595
8801913511898
88 02 8831595
88 02 8831595
88 02 8831595
88 02 8831595
8801937706371
88 02 8831595
8801920781718
88 02 8831595
8801511567737
88 02 8831595
8801707345827
88 02 8831595
88 02 8831595
8801712213028
88 02 8831595
88 02 8831595
8801678040066
88 02 8831595
8801711202708
88 02 8831595
8801674011809
88 02 8831595
8801751408757
88 02 8831595
8801621717985
88 02 8831595
88 02 8831595
88 02 8831595
88 02 8831595
8801833310173
88 02 8831595
8801713087637
88 02 8831595
8801821222233
88 02 8831595
8801911906376 01913500123
88 02 8831595
88 02 8831595
8801711649420
88 02 8831595
88 02 8831595
8801733343333
88 02 8831595
8801878102758
88 02 8831595
8801911264624
88 02 8831595
8801844991776
88 02 8831595
8801749997011
88 02 8831595
8801761222755
88 02 8831595
8801675356599
88 02 8831595
8801709645923
88 02 8831595
8801913940000
88 02 8831595
88 02 8831595
88 02 8831595
88 02 8831595
8801715180654
88 02 8831595
8801711217324
88 02 8831595
8801928969283
88 02 8831595
8801712519160
88 02 8831595
8801787145412
88 02 8831595
8801710042461
88 02 8831595
8801736699229
88 02 8831595
8801712-042016
88 02 8831595
8801711135209
88 02 8831595
88 02 8831595
88 02 8831595
88 02 8831595
8801535490023
88 02 8831595
8801711190056
88 02 8831595
8801552358077
88 02 8831595
8801713042880
88 02 8831595
8801922676766
88 02 8831595
88 02 8831595
88 02 8831595
88 02 8831595
8801817549695
88 02 8831595
8801762294378
88 02 8831595
8801819497025
88 02 8831595
8801611903553
88 02 8831595
8801711909666
88 02 8831595
8801715044082
88 02 8831595
88 02 8831595
88 02 8831595
8801817200277
88 02 8831595
8801626120030
88 02 8831595
8801849912494
88 02 8831595
8801713117865
88 02 8831595
8801711660210
88 02 8831595
88 02 8831595
88 02 8831595
88 02 8831595
8801777717677
88 02 8831595
8801711263399
88 02 8831595
8801915167953
88 02 8831595
8801708424252
88 02 8831595
8801779010023
88 02 8831595
88 02 8831595
88 02 8831595
8801730004344
88 02 8831595
8801711037877
88 02 8831595
88 02 8831595
8801972695985
88 02 8831595
88 02 8831595
8801730429222
88 02 8831595
8801924882247
88 02 8831595
8801786652000
88 02 8831595
8801855989100
88 02 8831595
8801790600250
88 02 8831595
8801912157125
88 02 8831595
88 02 8831595
88 02 8831595
8801611119418
88 02 8831595
8801819423205
88 02 8831595
8801713168677
88 02 8831595
8801673189092
88 02 8831595
8801781433232
88 02 8831595
88 02 8831595
88 02 8831595
88 02 8831595
8801855989100
88 02 8831595
8801715122987
88 02 8831595
8801720637812
88 02 8831595
8801728272566
88 02 8831595
8801798889562
88 02 8831595
88 02 8831595
88 02 8831595
8801847287647
88 02 8831595
8801715054025
88 02 8831595
8801798664490
88 02 8831595
8801615914033
005278716-0401
713921664594
88 02 8831595
8801623852662
88 02 8831595
88 02 8831595
8801778784246
88 02 8831595
88 02 8831595
8801730033006
88 02 8831595
8801712255328
88 02 8831595
8801670837006
88 02 8831595
8801919020570
88 02 8831595
8801789118901
88 02 8831595
8801601133999
88 02 8831595
88 02 8831595
8801874565457
88 02 8831595
8801745405000
88 02 8831595
8801730073900
88 02 8831595
8801765514134
88 02 8831595
8801711244178
88 02 8831595
8801855524152
88 02 8831595
88 02 8831595
8801614875688
88 02 8831595
8801720044262
0029016650804
485996490162
88 02 8831595
8801304779899
88 02 8831595
8801922332200
88 02 8831595
88 02 8831595
88 02 8831595
8801755633761
88 02 8831595
8801748991950
88 02 8831595
8801876892937
88 02 8831595
8801700923566
88 02 8831595
8801712712929
88 02 8831595
88 02 8831595
88 02 8831595
88 02 8831595
8801715442209
88 02 8831595
8801911115458
88 02 8831595
8801614555881
88 02 8831595
8801914522896
88 02 8831595
88 02 8831595
88 02 8831595
88 02 8831595
8801819498846
88 02 8831595
8801712888589
88 02 8831595
8801552442830
88 02 8831595
8801911295243
88 02 8831595
8801717366596
88 02 8831595
88 02 8831595
88 02 8831595
8801757968968
88 02 8831595
8801914001535
000451818-0101
875595830762
01914001535
88 02 8831595
8801912068187
88 02 8831595
8801977769006
88 02 8831595
8801676367500
88 02 8831595
88 02 8831595
8801977721303
88 02 8831595
8801719335216
88 02 8831595
8801721373777
88 02 8831595
8801711526822
01711526822
88 02 8831595
8801747873981
88 02 8831595
88 02 8831595
8801787755563
88 02 8831595
8801711542115
88 02 8831595
8801714252548
88 02 8831595
8801937055269
88 02 8831595
8801755093929
88 02 8831595
8801715258492
88 02 8831595
88 02 8831595
8801912238666
88 02 8831595
88 02 8831595
8801535869333
000937801
515790411296
88 02 8831595
8801740903125
88 02 8831595
8801712725647
88 02 8831595
8801921204130
88 02 8831595
88 02 8831595
88 02 8831595
88 02 8831595
8801713027771
88 02 8831595
8801632111333
88 02 8831595
8801818005808
88 02 8831595
8801675394827
545711309326
88 02 8831595
88 02 8831595
88 02 8831595
8801676797354
88 02 8831595
8801670746499
88 02 8831595
8801711580096
88 02 8831595
8801817640650
88 02 8831595
8801818093137
88 02 8831595
8801714174614
88 02 8831595
01677293566
88 02 8831595
8801889212555
88 02 8831595
88 02 8831595
8801713131585
88 02 8831595
8801919000383
88 02 8831595
8801744787181
88 02 8831595
8801819874873
88 02 8831595
8801819421779
88 02 8831595
88 02 8831595
88 02 8831595
88 02 8831595
8801933394447
88 02 8831595
8801841333700
88 02 8831595
8801715732310
88 02 8831595
8801718088988
88 02 8831595
8801734360199
88 02 8831595
88 02 8831595
88 02 8831595
88 02 8831595
8801715959805
88 02 8831595
8801767800300
88 02 8831595
8801711344278
88 02 8831595
8801611035035
88 02 8831595
88 02 8831595
88 02 8831595
8801324741041
88 02 8831595
8801713606221
88 02 8831595
8801745777130
88 02 8831595
8801675936886
88 02 8831595
8801678018584
88 02 8831595
88 02 8831595
8801845172170
88 02 8831595
88 02 8831595
8801726094552
88 02 8831595
8801727151502
88 02 8831595
8801763808060
88 02 8831595
8809639161620
88 02 8831595
88 02 8831595
8801705475840
88 02 8831595
8801712502331
88 02 8831595
8801713545585
88 02 8831595
8801782776655
88 02 8831595
8801675936886
88 02 8831595
8801682270100
88 02 8831595
8801726838010
88 02 8831595
88 02 8831595
88 02 8831595
8801844489800
88 02 8831595
8801730336800
88 02 8831595
8801922200077
88 02 8831595
8801975028700
88 02 8831595
8801732151936
88 02 8831595
88 02 8831595
88 02 8831595
8801914123036
88 02 8831595
8801648394920
88 02 8831595
8801631805106
88 02 8831595
8801711620797
88 02 8831595
8801817560177
88 02 8831595
88 02 8831595
88 02 8831595
8801754390849
88 02 8831595
8801913253164
88 02 8831595
8801731817934
88 02 8831595
8801670904603 01670-342527
88 02 8831595
8801866764978
88 02 8831595
8801867876730
88 02 8831595
88 02 8831595
88 02 8831595
8801756753560
88 02 8831595
8801732705085
88 02 8831595
8801686898395
88 02 8831595
8801712090740
88 02 8831595
8801681181644
88 02 8831595
88 02 8831595
88 02 8831595
8801819825055
88 02 8831595
8801717119092
88 02 8831595
8801674171243
88 02 8831595
8801716614556
88 02 8831595
8801730577850
88 02 8831595
88 02 8831595
88 02 8831595
88 02 8831595
8801687705161
88 02 8831595
8801711280403
88 02 8831595
8801617323823
88 02 8831595
8801912075388
88 02 8831595
8801913664538
88 02 8831595
88 02 8831595
88 02 8831595
88 02 8831595
8801970055442
88 02 8831595
8801711455162
88 02 8831595
8801713033502
88 02 8831595
8801622576623
88 02 8831595
8801788888877
88 02 8831595
88 02 8831595
8801723571023
88 02 8831595
8801819314620
88 02 8831595
8801680269070
88 02 8831595
8801715047564
88 02 8831595
8801675760171
88 02 8831595
88 02 8831595
88 02 8831595
88 02 8831595
8801825444444
88 02 8831595
8801675981940
88 02 8831595
8801611111061
88 02 8831595
8801715801959
88 02 8831595
8801715298676
88 02 8831595
88 02 8831595
8801999922445
88 02 8831595
8801793001133
88 02 8831595
8801674175594
88 02 8831595
8801829090733
88 02 8831595
8801759735555
88 02 8831595
88 02 8831595
88 02 8831595
88 02 8831595
8801911380817
88 02 8831595
8801758308656
88 02 8831595
8801841171817
88 02 8831595
8801688516002
88 02 8831595
8801711208532
88 02 8831595
8801670802819
88 02 8831595
88 02 8831595
88 02 8831595
8801678347800
88 02 8831595
8801677882288
88 02 8831595
8801676799564
88 02 8831595
8801912025284
88 02 8831595
8801911580510
88 02 8831595
88 02 8831595
8801795094568
88 02 8831595
8801716493131
88 02 8831595
8801922281111
88 02 8831595
8801913155888
88 02 8831595
8801819117936
88 02 8831595
88 02 8831595
88 02 8831595
8801716854217
88 02 8831595
8801711035445
88 02 8831595
8801675942212
88 02 8831595
8801751666665
88 02 8831595
8801911338753
88 02 8831595
88 02 8831595
88 02 8831595
88 02 8831595
8801749067896
88 02 8831595
8801711520307
88 02 8831595
8801610106277
88 02 8831595
8801733979356
88 02 8831595
88 02 8831595
88 02 8831595
88 02 8831595
8801745724242
88 02 8831595
8801911341654
88 02 8831595
8801678709300
003715338-0201
425346590269
88 02 8831595
8801988889990
88 02 8831595
88 02 8831595
88 02 8831595
88 02 8831595
8801717627515
88 02 8831595
8801553304787
88 02 8831595
8801847034655
88 02 8831595
8801819202409
88 02 8831595
88 02 8831595
88 02 8831595
88 02 8831595
8801711565831
88 02 8831595
8801712102950
88 02 8831595
8801318 749926
88 02 8831595
88 02 8831595
88 02 8831595
8801714818738
88 02 8831595
8801747937372
88 02 8831595
8801911583144
88 02 8831595
8801677721331
88 02 8831595
8801911264624
88 02 8831595
88 02 8831595
8801711468782
88 02 8831595
8801713020371
88 02 8831595
8801678673954
88 02 8831595
8801914735043
88 02 8831595
8801711226877
88 02 8831595
88 02 8831595
88 02 8831595
88 02 8831595
8801711026154
88 02 8831595
8801924400221
88 02 8831595
8801677135192
88 02 8831595
8801911298832
88 02 8831595
8801552301820
88 02 8831595
88 02 8831595
88 02 8831595
8801737948471
88 02 8831595
8801749099234
88 02 8831595
8809612111000
88 02 8831595
8801681144420
88 02 8831595
88017243050567
88 02 8831595
8801714143501
88 02 8831595
88 02 8831595
88 02 8831595
8801983321718
88 02 8831595
8801873043883
88 02 8831595
8801755632850
88 02 8831595
8801716846638
88 02 8831595
8801719110018
88 02 8831595
88 02 8831595
88 02 8831595
88 02 8831595
8801917756307
88 02 8831595
8809666777009
88 02 8831595
8801711849171
88 02 8831595
8801304749611
88 02 8831595
8801711319850
88 02 8831595
88 02 8831595
88 02 8831595
88 02 8831595
8801911491905
88 02 8831595
8801911449616
88 02 8831595
8801710439898
88 02 8831595
8801972788843
88 02 8831595
88 02 8831595
88 02 8831595
8801938855500
88 02 8831595
8801712960933
88 02 8831595
8801753906760
88 02 8831595
8801855520015
88 02 8831595
88 02 8831595
88 02 8831595
88 02 8831595
8801712777420
88 02 8831595
8801712551287
88 02 8831595
8801922110032
88 02 8831595
8801991653040
88 02 8831595
88 02 8831595
88 02 8831595
88 02 8831595
8801793408010
88 02 8831595
8801913712939
88 02 8831595
8801712792806
88 02 8831595
8801632903232
88 02 8831595
88 02 8831595
8801734044404
88 02 8831595
8801730323052
88 02 8831595
8801612112112
88 02 8831595
88 02 8831595
8801779893776
88 02 8831595
8801919191122
88 02 8831595
88 02 8831595
88 02 8831595
8801915450955
88 02 8831595
8801885956370
88 02 8831595
8801710534647
88 02 8831595
8801912318849
88 02 8831595
8801739890357
88 02 8831595
88 02 8831595
88 02 8831595
8801777389570
88 02 8831595
8801730739607
88 02 8831595
8801770432841
88 02 8831595
88018175492187
88 02 8831595
88 02 8831595
88 02 8831595
8801648847074
88 02 8831595
8801841206888
88 02 8831595
8801751635443
88 02 8831595
8801711130169
88 02 8831595
8801838333880
88 02 8831595
8801612440164
88 02 8831595
88 02 8831595
88 02 8831595
8801711994001
88 02 8831595
8801977711770
88 02 8831595
8801754092905
88 02 8831595
8801857365503
88 02 8831595
8801673857448
88 02 8831595
8801625886139
88 02 8831595
88 02 8831595
88 02 8831595
8801711272638
88 02 8831595
8801864357659
88 02 8831595
8801911925834
88 02 8831595
8801861678933
88 02 8831595
88 02 8831595
88 02 8831595
8801999998605
88 02 8831595
8801614250250
88 02 8831595
8801714080770
88 02 8831595
8801748914966
88 02 8831595
8801687193096
88 02 8831595
8801977089471
88 02 8831595
88 02 8831595
8801615537774
88 02 8831595
8801720998718
88 02 8831595
88 02 8831595
8801552433018
88 02 8831595
8801958488351
88 02 8831595
8801712846415
88 02 8831595
8801643936836
88 02 8831595
88 02 8831595
8801715791321
88 02 8831595
8801717207715
88 02 8831595
8801720062670
88 02 8831595
8801777756637
88 02 8831595
8801711970293
88 02 8831595
88 02 8831595
8801918450448
005680871-1102
511447551030
88 02 8831595
8801711541211
88 02 8831595
8801711673093
88 02 8831595
8801730711145
88 02 8831595
8801731372828
88 02 8831595
8801817516194
88 02 8831595
8801710787878
88 02 8831595
88 02 8831595
88 02 8831595
8801675662977
88 02 8831595
8801819243600
88 02 8831595
8801717452955
88 02 8831595
8801788777333
88 02 8831595
88 02 8831595
88 02 8831595
88 02 8831595
8801924710833
88 02 8831595
8801712541648
88 02 8831595
8801302762681
88 02 8831595
8801687699970
88 02 8831595
8801919084222
88 02 8831595
8801732561062
88 02 8831595
88 02 8831595
01713902278
88 02 8831595
8801973065599
88 02 8831595
8801811833330
88 02 8831595
8801911309306
88 02 8831595
8801716631466
88 02 8831595
8801763414443
88 02 8831595
88 02 8831595
88 02 8831595
8801922442211
88 02 8831595
8801781555000
88 02 8831595
8801711320567
88 02 8831595
8801771111606
88 02 8831595
8801711263054
88 02 8831595
8801816492006
88 02 8831595
88 02 8831595
88 02 8831595
880018555244444
88 02 8831595
8801903000566
88 02 8831595
8801713524004
88 02 8831595
88 02 8831595
8801720105673
88 02 8831595
8801678072280
88 02 8831595
88 02 8831595
88 02 8831595
8801842955050
88 02 8831595
8801708424344
88 02 8831595
8801634419864
88 02 8831595
8801817007790
88 02 8831595
8801720105673
88 02 8831595
8801782703244
88 02 8831595
8801865506551
88 02 8831595
8801677774455
88 02 8831595
8801710881277
88 02 8831595
8801717306659
88 02 8831595
8801676282650
88 02 8831595
8801822660072
88 02 8831595
8801867122260
88 02 8831595
88 02 8831595
88 02 8831595
8801941000111
88 02 8831595
8801717334583
88 02 8831595
8801819412067
88 02 8831595
8801711462827
88 02 8831595
88 02 8831595
88 02 8831595
88 02 8831595
8801713706117
88 02 8831595
8801711069200
88 02 8831595
8801918872490
88 02 8831595
8801747999666
88 02 8831595
88 02 8831595
88 02 8831595
8801928760317
88 02 8831595
8801773841136
88 02 8831595
8801711510002
88 02 8831595
8801762508714
88 02 8831595
8801671777773
88 02 8831595
88 02 8831595
8801400993436
88 02 8831595
8801740557750
88 02 8831595
8801713022603
88 02 8831595
8801724242988
88 02 8831595
8801755616058
88 02 8831595
8801766017733
88 02 8831595
88 02 8831595
88 02 8831595
8801950545059
88 02 8831595
8801611959595
88 02 8831595
8801756654354
88 02 8831595
8801611984803
88 02 8831595
8801725894017
88 02 8831595
8801933388072
88 02 8831595
8801752000588
88 02 8831595
88 02 8831595
8801620448930
88 02 8831595
8801712237899
88 02 8831595
8801828195199
88 02 8831595
8801933220719
88 02 8831595
88 02 8831595
88 02 8831595
8801685751002
88 02 8831595
8801720956665
88 02 8831595
8801678132866
88 02 8831595
8801676188583
88 02 8831595
8801774951476
88 02 8831595
88 02 8831595
8801786226123
88 02 8831595
88 02 8831595
8801711207506
88 02 8831595
8801409989081
88 02 8831595
8801964656667
88 02 8831595
8801739517172
88 02 8831595
8801712114263
88 02 8831595
8801927399640
88 02 8831595
88 02 8831595
8801913752856
88 02 8831595
8801712139480
88 02 8831595
8801919000225
88 02 8831595
8801819156136
88 02 8831595
8801707009267
88 02 8831595
88 02 8831595
88 02 8831595
8801714388707
88 02 8831595
8801711207941
88 02 8831595
8801680642322
88 02 8831595
8801924467930
88 02 8831595
8801820871006
88 02 8831595
8801793111007
88 02 8831595
88 02 8831595
8801712060748
88 02 8831595
8801678132112
88 02 8831595
8801711783135
88 02 8831595
8801682825996
88 02 8831595
8801534939797
88 02 8831595
8801711268875
88 02 8831595
88 02 8831595
88 02 8831595
8801777187999
88 02 8831595
8801714038292
88 02 8831595
8801743338885
88 02 8831595
8801913255709
88 02 8831595
8801777659755
88 02 8831595
88 02 8831595
88 02 8831595
8801401773340
88 02 8831595
8801919323347
88 02 8831595
8801719168769
88 02 8831595
8801614677473
88 02 8831595
8801952227035
88 02 8831595
8801674199278
88 02 8831595
88 02 8831595
88 02 8831595
8801818667622
88 02 8831595
8801625000033
88 02 8831595
8801711422990
88 02 8831595
8801757818551
88 02 8831595
8801907782081
88 02 8831595
88 02 8831595
88 02 8831595
8801994001919
88 02 8831595
8801715096803
88 02 8831595
8801746782547
88 02 8831595
8801714986830
88 02 8831595
88 02 8831595
8801922121660
88 02 8831595
88 02 8831595
88 02 8831595
8801979940470
88 02 8831595
8801711133249
88 02 8831595
8801911963124
88 02 8831595
8801683666150
88 02 8831595
8801715711439
88 02 8831595
8801676469390
88 02 8831595
88 02 8831595
88 02 8831595
8801977707077
88 02 8831595
8801611331934
88 02 8831595
8801819517727
88 02 8831595
8801618590588
88 02 8831595
8801783999929
88 02 8831595
88 02 8831595
8801615818710
88 02 8831595
8801794565657
88 02 8831595
8801711427389
88 02 8831595
88 02 8831595
8801710657330
88 02 8831595
8801817595147
88 02 8831595
8801867713740
88 02 8831595
8801725378973
88 02 8831595
8801992304746
88 02 8831595
88 02 8831595
8801915679336
88 02 8831595
8801746655678
88 02 8831595
8801976082607
88 02 8831595
8801712-721388
88 02 8831595
8801682979555
88 02 8831595
8801779880077
88 02 8831595
8801701456312
88 02 8831595
88 02 8831595
8801677646379
88 02 8831595
8801911583144
88 02 8831595
8801916165999
88 02 8831595
8801977015860
88 02 8831595
8801670889994
88 02 8831595
8801321564133
88 02 8831595
88 02 8831595
8801736699933
572461521717
88 02 8831595
8801911777487
88 02 8831595
8801707203664
88 02 8831595
8801675455425
88 02 8831595
88 02 8831595
8801683999622
88 02 8831595
8801928997099
88 02 8831595
8801992029410
001283389-0103
658174185127
88 02 8831595
8801866976642
88 02 8831595
8801916665555
88 02 8831595
8801676796633
88 02 8831595
88 02 8831595
8801949312642
88 02 8831595
8801733804094
88 02 8831595
8801912024016
88 02 8831595
8801726348419
88 02 8831595
8801831555599
88 02 8831595
8801730215226
88 02 8831595
88 02 8831595
88 02 8831595
8801685737508
88 02 8831595
8801998-137974
88 02 8831595
8801971545084
88 02 8831595
8801882087444
88 02 8831595
88 02 8831595
88 02 8831595
8801810008031
88 02 8831595
8801715017607
88 02 8831595
8801716526856
88 02 8831595
8801966465958
88 02 8831595
8801626155996
88 02 8831595
88 02 8831595
8801869832829
88 02 8831595
8801719445251
88 02 8831595
8801777555755
88 02 8831595
8801839445697
88 02 8831595
8801913126310
88 02 8831595
01823181616
88 02 8831595
88 02 8831595
8801686226390
88 02 8831595
8801731114127
88 02 8831595
8801676037335
88 02 8831595
8801971474700
88 02 8831595
8801921447552
88 02 8831595
8801671199357
88 02 8831595
88 02 8831595
88 02 8831595
8801554311504
88 02 8831595
8801716195125
88 02 8831595
8801623314136
88 02 8831595
8801812295577
88 02 8831595
8801721284462
88 02 8831595
8801768330082
88 02 8831595
8801670387985
88 02 8831595
8801712553155
88 02 8831595
8801915452907
88 02 8831595
8801839445697
88 02 8831595
8801711706249
88 02 8831595
88 02 8831595
88 02 8831595
8801712825658
88 02 8831595
8801711562044
88 02 8831595
8801613336515
88 02 8831595
8801680550336
88 02 8831595
8801760525256
88 02 8831595
8801685296363
88 02 8831595
88 02 8831595
88 02 8831595
8801712928540
88 02 8831595
8801670668707
88 02 8831595
8801990009999
88 02 8831595
8801687365050
88 02 8831595
8801726692286
88 02 8831595
8801726747555
88 02 8831595
88 02 8831595
88 02 8831595
8801711732357
88 02 8831595
8801913512451
88 02 8831595
8801794133148
88 02 8831595
8801915680576
88 02 8831595
8801712220525
88 02 8831595
88 02 8831595
88 02 8831595
8801711869220
88 02 8831595
8801713289234
88 02 8831595
8801689173864
88 02 8831595
8801718363328
88 02 8831595
8801687913560
88 02 8831595
88 02 8831595
88 02 8831595
8801811131314
162441004478
005819759-0103
517110256262
88 02 8831595
8801711556024
88 02 8831595
8801619787373
88 02 8831595
8801742507006
88 02 8831595
8809639131415
88 02 8831595
8801715563840
88 02 8831595
8801912389488
88 02 8831595
8801922559448
88 02 8831595
8801712821001
88 02 8831595
8801993319336
88 02 8831595
8801745042070
88 02 8831595
8801729607090
88 02 8831595
88 02 8831595
88 02 8831595
8801771361313
88 02 8831595
8801701667568
88 02 8831595
8801710169427
88 02 8831595
8801799555110
88 02 8831595
8801612024016
88 02 8831595
88 02 8831595
8801970079307
88 02 8831595
8801712578728
88 02 8831595
8801711169842
88 02 8831595
8801937074239
88 02 8831595
8801968877766
88 02 8831595
8801731550033
88 02 8831595
88 02 8831595
88 02 8831595
8801703979798
005792707-0101
88 02 8831595
8801713400434
88 02 8831595
8801673-577260
88 02 8831595
8801983001213
88 02 8831595
8801712627358
88 02 8831595
88 02 8831595
01711700088
88 02 8831595
8801727181376
88 02 8831595
8801711865172
88 02 8831595
8801880005363
88 02 8831595
8801300683380
88 02 8831595
88 02 8831595
88 02 8831595
8801677643724
88 02 8831595
8801612317151
88 02 8831595
8801718218388
88 02 8831595
8801733615555
88 02 8831595
8801676052414
88 02 8831595
8801991177701
88 02 8831595
88 02 8831595
8801711140139
88 02 8831595
8801753611666
88 02 8831595
8801715157271
88 02 8831595
8801914899591
88 02 8831595
8801727269591
88 02 8831595
88 02 8831595
88 02 8831595
8801718964730
88 02 8831595
8801612579956
88 02 8831595
8801641073288
88 02 8831595
8801866000076
88 02 8831595
88 02 8831595
88 02 8831595
8801817515145
88 02 8831595
8801716420708
88 02 8831595
8801318258779
88 02 8831595
8801799797355
88 02 8831595
8801719413377
88 02 8831595
88 02 8831595
8801946922054
88 02 8831595
8801700776901
88 02 8831595
8801612112112
88 02 8831595
8801819165675
88 02 8831595
8801810045773
88 02 8831595
88 02 8831595
88 02 8831595
8801889054893
88 02 8831595
8801855181733
88 02 8831595
8801848351424
88 02 8831595
8801911339963
88 02 8831595
8801911380320
88 02 8831595
8801818207859
88 02 8831595
01824869525
88 02 8831595
88 02 8831595
8801722667545
88 02 8831595
8801918697958
88 02 8831595
8801734421433
88 02 8831595
8801918100125
88 02 8831595
8801917373000
88 02 8831595
88 02 8831595
88 02 8831595
8801703021101
88 02 8831595
8801877744300
88 02 8831595
8801552346098
88 02 8831595
88 02 8831595
8801735945938
88 02 8831595
8801933691749
88 02 8831595
8801916652232
88 02 8831595
88 02 8831595
8801886604040
88 02 8831595
8801538832162
88 02 8831595
88 02 8831595
8801682972845
88 02 8831595
8801712774131
88 02 8831595
88 02 8831595
88 02 8831595
8801711344762
88 02 8831595
8801711139278
88 02 8831595
8801717702258
88 02 8831595
8801925778062
88 02 8831595
8801676658669
88 02 8831595
8801613704060
88 02 8831595
8801790003050
88 02 8831595
88 02 8831595
8801977076089
88 02 8831595
880143399332
88 02 8831595
8801914007323
88 02 8831595
8801631216221
88 02 8831595
8801922231519
88 02 8831595
88 02 8831595
88 02 8831595
8801737786739
88 02 8831595
8801712146179
88 02 8831595
8801717700729
88 02 8831595
8801732647387
88 02 8831595
8801966163613
88 02 8831595
8801742733701
88 02 8831595
88 02 8831595
88 02 8831595
8801711350562
88 02 8831595
8801736102747
88 02 8831595
8801988007600
88 02 8831595
8801914861967
88 02 8831595
8801673620764
88 02 8831595
88 02 8831595
8801795492200
88 02 8831595
8801844010185
88 02 8831595
8801823060640
88 02 8831595
880197561101
88 02 8831595
8801704333539
88 02 8831595
8801961926943
88 02 8831595
88 02 8831595
8801819090134
88 02 8831595
8801713178335
88 02 8831595
8801978222450
88 02 8831595
8801712998
88 02 8831595
88 02 8831595
8801819452428
88 02 8831595
880184-005588
88 02 8831595
8801722344967
88 02 8831595
8801822227096
88 02 8831595
88 02 8831595
88 02 8831595
01618235608
88 02 8831595
8801723448866
88 02 8831595
8801625074631
88 02 8831595
88 02 8831595
8801810066430
88 02 8831595
88 02 8831595
8801611504098
88 02 8831595
8801755499099
88 02 8831595
8801682809721
88 02 8831595
8801997777000
88 02 8831595
8801911991900
88 02 8831595
88 02 8831595
8801718620091
88 02 8831595
8801712932567
88 02 8831595
8801625411662
88 02 8831595
8801919661142
88 02 8831595
88 02 8831595
88 02 8831595
88 02 8831595
8801791199939
88 02 8831595
8801675118385
88 02 8831595
8801910506888
88 02 8831595
88 02 8831595
88 02 8831595
88 02 8831595
8801766195090
88 02 8831595
8801915150572
88 02 8831595
8801799188660
88 02 8831595
88 02 8831595
88 02 8831595
8801715573219
88 02 8831595
8801916980507
88 02 8831595
8801707-122007
88 02 8831595
8801911122111
88 02 8831595
8801996009091
88 02 8831595
88 02 8831595
8801865018631
88 02 8831595
88 02 8831595
8801819214952
88 02 8831595
8801718929640
005763468-0102
242063287084
88 02 8831595
8801817104361
88 02 8831595
88 02 8831595
88 02 8831595
8801711896333
88 02 8831595
8801713429800
88 02 8831595
8801771081687
006024189-0402
721505270574
88 02 8831595
8801711116261
88 02 8831595
8801777014776
88 02 8831595
88 02 8831595
8801722515359
001259495-1107
263464404768
88 02 8831595
8801716695759
88 02 8831595
8801688140006
88 02 8831595
8801755499099
88 02 8831595
88 02 8831595
88 02 8831595
8801944443646
88 02 8831595
8801711575957
88 02 8831595
8801683330130
88 02 8831595
8801825954616
88 02 8831595
88 02 8831595
88 02 8831595
88 02 8831595
8801812959151
88 02 8831595
8801711045674
88 02 8831595
8801683191720
88 02 8831595
8801611500224
88 02 8831595
01819391819
88 02 8831595
88 02 8831595
8801711061516
88 02 8831595
8801712732904
88 02 8831595
8801611442173
88 02 8831595
8801844507050
88 02 8831595
8801719066754
88 02 8831595
88 02 8831595
88 02 8831595
88 02 8831595
8801769019065
88 02 8831595
8801919994501
88 02 8831595
8801678701557
88 02 8831595
8801673513713
88 02 8831595
88 02 8831595
88 02 8831595
8801711696851
88 02 8831595
8801718581122
88 02 8831595
8801957206213
88 02 8831595
8801707077741
88 02 8831595
8801777506900
88 02 8831595
8801915223666
88 02 8831595
88 02 8831595
8801785552788
88 02 8831595
88 02 8831595
8801851038444
88 02 8831595
8801856409888
88 02 8831595
8801619798707
88 02 8831595
8801727779429
88 02 8831595
8801829024103
88 02 8831595
8801711189856
88 02 8831595
88 02 8831595
88 02 8831595
8801721826906
88 02 8831595
8801717055855
88 02 8831595
8801711026613
88 02 8831595
8801714092474
88 02 8831595
8801839115555
88 02 8831595
88 02 8831595
88 02 8831595
88 02 8831595
8801616727277
88 02 8831595
8801919094008
88 02 8831595
8801675147812
88 02 8831595
8801772585814
88 02 8831595
01819315620
88 02 8831595
88 02 8831595
88 02 8831595
8801738172425
88 02 8831595
8801716894041
88 02 8831595
8801976631555
88 02 8831595
8801818287823
88 02 8831595
88 02 8831595
8801815672414
88 02 8831595
8801550077123
88 02 8831595
8801977555996
88 02 8831595
8801704742844
88 02 8831595
88 02 8831595
88 02 8831595
88 02 8831595
8801711363265
88 02 8831595
8801407707777
88 02 8831595
8801886441119
88 02 8831595
8801841204082
88 02 8831595
8801816355995
88 02 8831595
88 02 8831595
88 02 8831595
8801911485262
88 02 8831595
8801719300078
88 02 8831595
8801717031795
88 02 8831595
8801915603018
88 02 8831595
8801553352250
88 02 8831595
8801742522115
88 02 8831595
88 02 8831595
88 02 8831595
8801725340750
88 02 8831595
8801783955076
88 02 8831595
8801922437944
88 02 8831595
8801611639999
88 02 8831595
8801739226372
88 02 8831595
8801832288318
88 02 8831595
88 02 8831595
88 02 8831595
8801711660350
88 02 8831595
8801711254444
88 02 8831595
8801819971947
88 02 8831595
8801819608636
88 02 8831595
8801617555444
88 02 8831595
8801745044876
88 02 8831595
88 02 8831595
8801568388671
88 02 8831595
8801819181956
88 02 8831595
8801711715048
88 02 8831595
8801676162532
88 02 8831595
8801977721303
88 02 8831595
88 02 8831595
8801707298190
88 02 8831595
88 02 8831595
8801882120005
88 02 8831595
8801765514134
88 02 8831595
8801799740185
88 02 8831595
8801713122547
88 02 8831595
88 02 8831595
88 02 8831595
88 02 8831595
8801678629292
88 02 8831595
8801734243084
88 02 8831595
8801675563303
88 02 8831595
8801992666777
88 02 8831595
8801880087222
88 02 8831595
88 02 8831595
88 02 8831595
88 02 8831595
8801407035600
88 02 8831595
8801611241424
88 02 8831595
8801622889549
88 02 8831595
8801996009077
88 02 8831595
88 02 8831595
88 02 8831595
88 02 8831595
8801712630137
88 02 8831595
8801714075644
88 02 8831595
8801610402274
88 02 8831595
8801912459567
88 02 8831595
01764155810
88 02 8831595
88 02 8831595
8801611665614
13-019-3152
002705449-0406
885979499094
88 02 8831595
8801713027494
88 02 8831595
8801842342724
88 02 8831595
8801913732609
01717435835
88 02 8831595
8801793228289
88 02 8831595
88 02 8831595
8801930464216
88 02 8831595
8801977155123
88 02 8831595
8801717059547
88 02 8831595
8801799000099
88 02 8831595
88 02 8831595
88 02 8831595
88 02 8831595
8801911483828
88 02 8831595
8801815582192
88 02 8831595
8801918816628
88 02 8831595
88 02 8831595
88 02 8831595
8801777752929
88 02 8831595
8801601784444
88 02 8831595
8801709399371
88 02 8831595
8801736198009
88 02 8831595
8801918906556
88 02 8831595
8801904628809
88 02 8831595
88 02 8831595
88 02 8831595
8801731198155
88 02 8831595
8801705494807
88 02 8831595
8801939547222
88 02 8831595
8801511000077
88 02 8831595
8801817062260
88 02 8831595
8801992349944
88 02 8831595
8801840273080
88 02 8831595
88 02 8831595
8801711391889
88 02 8831595
8801714094184
88 02 8831595
88 02 8831595
8801914165281
88 02 8831595
88 02 8831595
88 02 8831595
88 02 8831595
8801678665000
002010224-0203
531305247262
01714132076
88 02 8831595
8801751777770
88 02 8831595
88 02 8831595
8801841753546
88 02 8831595
88 02 8831595
88 02 8831595
8801714354710
88 02 8831595
8801715150932
88 02 8831595
8801811229629
005099137-0101
638804889953
88 02 8831595
8801865618299
88 02 8831595
88 02 8831595
88 02 8831595
8801910365588
88 02 8831595
8801855989100
88 02 8831595
8801674839644
88 02 8831595
8801844219383
88 02 8831595
88 02 8831595
8801712087561
88 02 8831595
8801919641261
88 02 8831595
8801730922322
88 02 8831595
8801672981117
88 02 8831595
88 02 8831595
88 02 8831595
8801819127849
88 02 8831595
8801726888020
88 02 8831595
88 02 8831595
88 02 8831595
8801713017171
88 02 8831595
8801711140433
88 02 8831595
8801907991799
88 02 8831595
8801674619326
88 02 8831595
8801818800171
001938707-0505
593053185990
88 02 8831595
8801911305769
88 02 8831595
88 02 8831595
8801722222042
88 02 8831595
88 02 8831595
8801534313294
88 02 8831595
88 02 8831595
88 02 8831595
88 02 8831595
8801678629292
88 02 8831595
88 02 8831595
8801714059960
88 02 8831595
88 02 8831595
8801717353266
88 02 8831595
88 02 8831595
8801830889686
88 02 8831595
8801716637474
88 02 8831595
88 02 8831595
888801846777972
8802-222229436
88 02 8831595
88 02 8831595
88 02 8831595
88 02 8831595
8801755648464
88 02 8831595
8801920302145
88 02 8831595
88 02 8831595
8809611364364 01986-999-222
88 02 8831595
88 02 8831595
88 02 8831595
88 02 8831595
8801714063508
88 02 8831595
8801791051324
88 02 8831595
8801711153762
88 02 8831595
8801990303061
88 02 8831595
88 02 8831595
88 02 8831595
8801712204791
88 02 8831595
8801906989396
88 02 8831595
8801979294452
88 02 8831595
8801819276445 9352475
88 02 8831595
88 02 8831595
88 02 8831595
8801712667565
88 02 8831595
8801871188993
88 02 8831595
8801777018383
88 02 8831595
8801813553537
88 02 8831595
88 02 8831595
88 02 8831595
8801717261212
88 02 8831595
8801715457621
88 02 8831595
8801711707278
88 02 8831595
8801758897212
88 02 8831595
8801711470452
88 02 8831595
8801739427675
005978935-1002
453579775939
88 02 8831595
8801711355426
88 02 8831595
8801772502036
88 02 8831595
88 02 8831595
8801674350311
88 02 8831595
88 02 8831595
8801715416687
88 02 8831595
8801715500000
88 02 8831595
8801675494873
88 02 8831595
8801931111777
88 02 8831595
8801833292877
88 02 8831595
88 02 8831595
88 02 8831595
8801938884499
88 02 8831595
8801723448866
88 02 8831595
8801922190809
88 02 8831595
88 02 8831595
88 02 8831595
8801715964503
88 02 8831595