01713113605 
1711538181 
1711680819 
1711593891
01711561557 
01711561557 
01711561557 
01711561557 
01711561557 
01711538761 
1711561557 
01711538761 
01711538761 
01711134821 
01729098901 
1817144712 
1817045447 
1727360426 
1727360426
1713116118 
01712440438 
01714306729 
01716766376 
01713462074 
01711560035 
01819248104 
01713120871 
1711721785 
1715047444 
1711721784 
1711560117 
01711329963 
01711527509 
01755534826 
1819227779 
1678062310 
01711566826 
1711566826 
1675837243
1819327265 
01711642203 
1720487380 
01711642203 
01711642203 
01711642203 
1711567888 
01819238373 
09609655555 
01711720484 
1711869947 
01711790319 
01711520863 
1716087276
1713006229
01713121050 
1713008830 
1819211970 
01717563231 
1714133288 
1711533962 
01817443070 
01711523803 
01713093750 
1711591138 
01711593321 
01713245588 
1711680506 
1841303077 
1841303077 
1730303077 
1730303077 
1710841747 
01742388866 
01819559883 
01708831001 
1713099758
1711683107
01711530599 
1711761189
01713035637 
01713035637 
01715615093 
1616660555
01711671311 
1819325240 
1712090940 
1711525656 
01919698617 
1720619278
1819315337 
1819212657 
1711521904 
1711566301 
01714097811 
1711647287 
1711647287 
01819411755 
01711525717 
01711528400 
1713303153 
1819643270 
1711540475 
01717624239 
1720821234
01711547786 
1714107798 
01615028516 
1678062231 
01712564630 
01713372905 
01713372804 
1915449444 
1713313268 
01713129390 
01713129320 
01713129320 
01819159970 
1817611055 
01923747287 
01971945826 
1711720458 
1711521163 
1711521163 
01711819955 
01713206585 
01713206585 
1755528593 
1713033505 
01711530599 
01711282313 
1711564554 
01711525717 
01711699049 
01714097811 
01713117962 
1713105665 
1711548901 
1713001179 
173115556 
1746117118
01747555590 
01711521090 
01713037229 
1199306718
01711591280 
01919275055 
1713238888 
1756170714 
01819316638 
1730000267 
01711400141 
09609655555 
1711500278 
01707352151 
1819318827 
1827122016
01711741049 
01718138676 
01714097811 
1711528417 
01714097811 
1711591279 
01711530349 
01966655544 
1713120895 
01711873914 
01711873914 
1711540427 
1711523859 
01817003943 
1711307334 
01613022884 
01613022884 
01714097811 
1199863783 
1711529068 
1556359871 
1711526774
1711526774
01711590128 
01711590128 
1730031999 
1711538500 
01819310631 
01711801271 
1714042678
1714110382 
1819220616 
1819214701 
1819220616 
1841120925 
1713018789
1714138347 
01711536869 
1746803087 
1711561936 
01911389183 
171747478 
01819241890 
01819257800 
01711556126 
1711525720 
01731215062 
01711520388 
01711526609 
01713015202 
1711537227 
1711537227 
1711531138 
01911815829 
01824658435 
01713363663 
1711565070 
1711720060
01711530451 
01711884392 
01711526691 
1819215757 
1713030594
1730038300 
1819315014 
01970659659 
01787715414 
01713311827 
01855951900 
1973333077
01777761185 
01906390750 
1713493333 
1713015697 
1753076848 
1730038300 
1713301971 
1711561174 
01711595975 
01730714216 
01711523443 
1711528819 
1711567736 
1713033138 
1713015952 
01711533589 
1711899401
01713004343 
01711532258 
01841524666 
01711568206 
1730051703 
01713079939 
01711534288 
01711438752 
01713274327 
01713274327 
01711520325 
1713033597 
1713033597 
01819959961 
1714110382 
1911347600 
01817211319 
01742388866 
1714081767
01711544900 
01711542502 
1711538132 
1711538132 
1711538132 
1711538132 
1711538132 
1711538132 
1711537227 
1711537227 
1711537227 
01720285133 
01711853595 
1713003737 
1765299508
01713036829 
1711762665 
01713427801 
175191377 
1819215912
8801816-705202 
1711422569 
0171154773 
01714273201 
01727423016 
1713064021
1713064021
1713012509 
1911344483 
1713016750 
1703038744 
01317511000 
01750049042 
1711538762 
1819250394 
01713044093 
01710298867 
01711511536 
01672301200 
01886228838 
01759333555 
01711590128 
1819376068 
1711596335 
01938885000 
01711368610 
1711528417 
01730450406 
1711762915 
01711529944 
01819310631 
1711720826 
1819203344 
1711720826 
1827519827 
1924964455 
01820508055 
01709041623 
1945786786 
1366070707 
1711547011
01713003540 
01711529944 
01755500176 
01711814912 
01713121018 
1711761131 
1713124326 
1712086956 
1819921290
1713490250 
1711531139 
01711525563 
01713205718 
1711537227 
1730061600 
1711567041 
1711567041 
01713246431 
1711896661
1730728982
01711520863 
1809257638
01716022412 
1720345346 
1711594993 
1713008830 
01713013546 
01713013546 
1715228200 
1673146507 
01713129320 
01713129320 
01713129320 
01713129320 
1911076666 
01711530349 
1722222017 
01722222017 
1613120925 
1819312367 
1917202743
1911341852 
1711521912 
1922800800 
01979170040 
1819311535 
1988900700 
01730083505 
01778807640 
1911329999 
1714074371 
1819313886 
01914341410 
01704139999 
01912256665 
01683368388 
1918938703 
01730033005 
1711533586 
01713334866 
1711528989 
1911773000
1819229963
1817048441 
1711520514 
01713003343 
01919134016 
01713037576 
1711531378 
1919265852 
1713120926
1713120926 
1713103230 
1711724294 
1713120926 
01700650650 
01711590128 
01755500176 
1711548901 
01755500176 
01913493338 
1713032229 
01715032126 
1715940417
01713006580 
1711594135 
1711538449 
01819214995 
01819214995 
1924717665
1711761721 
01711683256 
1683051887 
1683051887 
1712806206 
1711520428 
01711523449 
01730010667 
17115309996 
1711530209 
1714099225 
01753162111 
1711527439 
1714133914
1711679066 
1711521505
1711524997 
1713044945 
01711541443 
01819219084 
01819219084 
01713041176 
1942444000
01971437866 
01714097811 
1711522703 
01713274327 
1713006944 
1711521554 
01711593321 
01711593321 
1711524945 
01708805362 
01711593321 
1919213863
1711524945 
1711524945 
1730003571 
01711624871 
01755659525 
01713274327 
01618768153 
1713062177 
01711530780 
1711344308 
1611563794 
01554337717 
1711525720 
01733332555 
1926874398
1732147679
1711523859 
1711523859 
1711525720 
1711523859 
1711597949
01713039046 
1711561419 
1713461005 
01724670277 
1730711625 
1730056999 
1713031061 
01711531639 
01711531639 
01713036695 
01713031061 
01713036695 
1199805232 
1714014214 
01678025096 
1711536256 
1714014214 
01712508485 
1711762321 
01711537770 
1713018790
01729296458 
1711942226
01711594151 
1730176112 
1715499530
1730089821 
01711548158 
1711521912 
1199852172 
01711790319 
01911348308 
01915933466 
1713115556 
1711760924 
1711720484 
01878187800 
1711593388
01711653963 
1713002015 
1712058361
01819993650 
1713047372
1713033228 
1552310016 
1711534748 
01713103380 
01713100572 
01927777111 
01711559292 
01939906501 
01939906501 
1714175687 
1713302948 
1713204669 
01789888666 
1191274005
1912005303 
01711531207 
1711530574 
01711530574 
01711531207 
01730020020 
173002020 
01711531207 
1715023139 
01715023139 
01711747341 
01677181418
01819629909 
1713034189 
1711540954 
1713120926 
1711548457
01730334477 
1729096555
1711647287 
01819701070 
1713008909 
1713206588 
1711335882
01911330077 
01316038912 
1713493333 
01730713056 
01711523353 
1745131392 
1711595766 
1711532232 
1823835313 
01941733113 
1713017776 
1713242567 
01711523423 
1767377601 
1711523665 
1713038808 
1711523665 
1199801787 
1711533671 
1819241140 
1671422222
1711288432 
88 01711 566 333 
1819263153
01741135983 
01948616111 
1553509140 
1796632840 
1819310090
1711526233
1711526233
01712000002 
01711521554 
1718236997 
1713021308 
1713030107 
01755518700 
1819221766 
1817003943 
01927624729 
01713003754 
01713003754 
01713003754 
01713003754 
01819212115 
01777780600 
01777780600 
1681940242
1613082032 
1535101899 
1711544478 
1713042059 
01730033005 
1711544478 
1711544478 
1713485259 
1728491021 
01841122114 
01740643551 
01713372804 
01713245605 
01973040773 
1937403740 
1711844952 
01913390093 
01713082046 
1713082046 
01713082046 
1711525716 
1711536437 
1711538413
1715617433 
1720345346 
1720345346 
1611696766 
1713462777 
171364583
01310570056 
1715055537 
01711566511 
01829774901 
1713242567 
01711806823 
1713082101 
1711523859 
1713082101 
1713032357 
01715265852 
1711564910 
1711564910 
1713036260 
1711520710 
01754104307 
1711595929 
01714100443 
01711538158 
01735136025 
01814754228 
1711525720 
01711568206 
1711563439 
1711563439 
01716110101 
1678139005 
1711549377
1711521835 
1819245538 
01713461067 
01678763940 
01819310431 
01729210796 
01715982079
01729226249 
01711560939 
01711593068 
1711531478
1711563066
1712950751
1711548881 
01813989542 
1711750471 
01876602684 
01711526704 
01713031216 
01711522285 
01711522285 
1610201582 
01615538080 
1711538790 
01787686505 
01713274327 
01622652383 
01711526555 
1819241648
1944555888 
01608717220 
01711562553 
1723172363 
01713037798 
1715284583 
1711541489 
1713030045 
0170220721 
1913462724 
01711595880 
01729151958 
01711578106 
01711525717 
01711525717 
01711525717 
1819220798 
1819222106 
1819222106 
1713006944 
01711525717 
01730020020 
01730020020 
01713274327 
01713657324 
1552324753 
01721075654 
01912209222 
1711530837 
01711563013 
01825042424 
01730452574 
01713274327 
01711538388 
01819951411 
1713115556 
1727281732
01711542071 
1713016328 
1713061161 
1711530153
1933399900
01711538388 
01911439125 
01715008617 
1725696204
017116901333 
01711690133 
01720310529 
01711520706 
01613660066 
1199761576 
1711527018 
1727080029
01915933466 
1711524247 
01711524247 
01711524247 
01711524247 
1711524247 
1199859521 
1711538790 
01614254830 
1819207353 
1711534924 
1711595766 
1912207111 
01711871379 
01711871379 
1711687305
01721804221 
1711525720 
1711595929 
01937898114 
1716014887
01819221773 
01711523147 
01818208462 
181462403 
01713192039 
1913746489 
1713010177 
1713010177 
1819260712 
1713010177 
1713010177 
1819260712 
1713036058 
1713006842
1711538500 
1916468671
01711864325 
01711523803 
01729096555 
1819218973 
01711521090 
1711549739 
01713368036 
01711547676 
01711527089 
1711538242 
1711538242 
1711534521 
1713041934
1713042644
1711527927 
1711527927 
1191040600 
1726056642 
1945786786 
01720552570 
01711563140 
01755555434 
1819310895 
01711594854 
1712562156
1819310103 
1913111295
1196000721 
01711850233 
01817737732 
01817737732 
1199852578 
01914242002 
1711525777 
1819313175 
01713370555 
1711562040 
1713107308 
1732106267
1732106276 
1711721166 
1556359871 
01820242862 
1711527927 
01743902089 
01711548457 
01713006661 
01713370555 
1913397280 
1711547847 
01708831001 
01713043602 
1711520514 
1711548457
1711531404 
01911399494 
1713003717 
1711561087 
1713102304 
1711724142 
1199859277 
01819227981 
1711720054 
01713206096 
1711530153 
01713206096 
1912001138 
01711536363 
1713453214 
01308045012 
01713461067 
01730078526 
01713062217 
01713311664 
1617939001 
01713461067 
1713003122 
1711520687 
1611356754 
1913535350
1713042304 
01701220702 
1713002325 
1711520660 
1713452699
01755648385 
01712020878 
01771356357 
1911343291
1711522945 
196621101 
01713024951 
01819312609 
01819312609 
1713100040 
1713453388 
01711547223 
1820221254
1913600700 
1794281486 
1713487921
01711538158 
01711563347 
01713005839 
01729096555 
1711526281 
1713032966 
1911088811 
1199861439 
1199861439 
01713192039 
01711525717 
1730041445
01713081978 
01711750518 
01730111444 
1711521276 
1670352560 
1841120925 
1841120925 
1841120925 
1841120925 
1819227409 
01842613426 
1711826160 
01766681838 
1713138373 
1713121112 
01730893910 
1819318534
01718963538 
01939906501 
1711527901 
1711320706 
017827777777 
1819222945 
1730010728 
01716007397 
1711696876 
01324254858 
1715425255 
01712421290 
1711522703 
1855548888 
1817048734
1711720458 
1713046178 
1711548597
1711528932 
1711528932 
1711523051 
01678062501 
01713034466 
01819606004 
01711655074 
1713022119
01794658088 
01915933466 
1923110717 
01729069813 
01819313175 
1920838697 
1819224009 
1819212581 
01819215997 
01711548924 
1713104945 
1711522717 
1914315345 
01711522717 
1711522717 
1824425053 
1714068956 
01783430158 
1711523859 
01713010417 
01711564963 
1711720826 
1713033992 
1711561529 
1711523859 
01711523859 
01797235125 14783725
1711523859 
01711535256 
01713015089 
1711522945 
01713162654 
01711523859 
1713066119 
01711530574 
1711982420 
01711041408 
01711041408 
01711041408 
01711041408 
01711041408 
01707162454 
1711566974 
1913707778 
1713034189 
01711591527 
01711521300 
1711532266
1927624729 
1613019361 
01777780600 
01718088944 
1713034189 
1711544972
1711523665 
1729777076 
1819423462
01713206585 
01711529812 
01782385937 
1711522667 
01758335555 
01713146867 
1819319460 
1819319460 
1711720486 
01713015340 
1711528203 
01711529944 
1777750959 
8801713481994 
01713048551 
01730598821 
01738926803 
1711524228 
1711524228 
1975109018 
1711521231 
01713048551 
1713012020
1711525075 
1713045712
01713665353 
01711535772 
01713177522 
1912641240
1713047372 
01713177522 
01713177522 
01713120871 
01985008661 
01911273653 
1678128923 
1711527510 
01711520863 
1711520863 
01711520863 
1711520864 
01713081978 
1711592541 
01713014288 
1713015409
1678128389 
1199702486 
1711544384 
01714005811 
01711566333 
1711563157 
01714097811 
1613282811 
01732152710 
1199802992 
1713364994
1711543104 
01711563140 
01711563140 
01711563140 
01755557133 
1713017558 
1819211998 
01711581562 
1819310594 
01971818576 
1711306046 
1711526862 
1711527547 
01730066371 
1713006901 
1713006901 
01819314200 
1711528611 
01726921831 
01711566511 
1673711603
01711609076 
01755648385 
1711317573 
1713306483
01881500001 
1977771122 
01711575736 
1711319550 
1613002605 
01711728393 
1713120926 
01911320812 
01912169847 
01914055564 
01712614864 
01927272828 
1711750512 
1711564988 
1711563391 
01711541015 
01711520079 
312551231 
1755528136 
1713016018 
1713036517
01711564888 
01918434849 
171152869 
1711521599 
1711521599 
1711521599 
1919140605 
1714068956 
1741510692 
01730716935 
1715094788 
1711720458 
1713007898 
01711593144 
1711431932 
1819220542
01715007638 
1711522558
1713527756
1819316594
1711549803 
1611594685
1712283330 
1715193780 
01841123505 
1713038317
01711531580 
01970126523 
01714951455 
1720345346 
1711353150
1711520680 
01711592224 
1817048734 
1913497868 
1819228712 
01711762915 
01711560770 
1720171752
01711525183 
1711209484
1713124724 
1678810400 
01678810400 
1819313886 
1713104595 
1711563066 
1711537675 
01713015997 
1711543503 
1711838318 
1711568138 
01711560560 
1711566587 
01711566587 
1748144400 
01819257800 
1711985967 
1715416090 
1711543478 
1711543478 
01711568541 
01711568541 
01711568541 
1711568541 
01819242347 
1711578541 
1711568541 
1713036930 
1711536418 
01817045447 
01819242411 
01819242411 
01819242411 
1713034189 
01711520864 
1911556554 
1715001552 
1711520099 
1711520099 
1711520099 
01711542071 
1711542071 
01711542071 
01711542071 
1711520093
1711520099 
01711934617 
171159661 
01711782363 
01703501619 
1711528989 
1711525777 
0179661200 
1711525083 
1711696758 
1711525083 
1819171463
1713001174 
1713434650 
1711566317 
1713030775 
1711525311 
01716610171 
01730703617 
1819619863
01711576084 
01819322333 
1711524070 
1711524070 
1713543966
01915398410 
01713192039 
1713105395 
1713016870 
1711531474 
1711567294 
01711529304 
01711561354 
01764197693 
01711538646 
1819260294 
1712013190 
01811866176 
01678755019 
1819252750
01970854629 
01713131241 
1711542468 
1199857333
1712106030
1819441529 
1711520904
1711747047 
01741140112 
1819349498 
01711925220 
1713246431 
01777762306 
01716202207 
01882668899 
1711720620 
1819317879 
1711593113 
1713115556 
01716381483 
1713010177 
01972446300 
01711541158 
01716515563 
1819311681 
1713175971 
01751414062 
01711538158 
01711538158 
01711538158 
1713185911
1711568567 
01715456726 
01711720054 
1711532162 
1711532162 
01730302020 
1929911881 
8801713083775 
01713482530 
1711544880 
1713100572 
1512600904 
01714130003 
1819867765
1711218455
1713311810 
1819057707
01711521835 
01989666666 
01713118219 
1711523846 
1811417500 
1715003759
01711592568 
1747900236 
01746600972 
01967220000 
01711530387 
01711521073 
01711521072 
01777757228 
01677428241 
01915681801 
1713037726 
01713037726 
01611563447 
01713081978 
1612324828
01714070084 
01710323251 
01711584878 
01619003604 
1926826366
1926826366
01621886666 
01621886666 
01711593618 
1713038372 
1711595573
1711560925 
1711560925 
01970984644 
01970984644 
01713014414 
01715660893 
01711526691 
01713228921 
1713020891 
1711567353 
1711567353 
01730340310 
01713061116 
01713061116 
1713063328 
1612622933 
1711565955 
01714080374 
01683555111 
01819311806 
1819313534 
1782077671 
1713006457 
01713062177 
01711560898 
01713000550
01919000550 
01919563152 
01919563152 
01711563152 
1715136246
1711722288 
1711722288 
1711722288 
1711722288 
1711722288 
1966671222 
1713438990 
1612622933 
1819312182 
1819312182 
1711723344 
1711533103 
01715004717 
1713066026 
1746384906 
1713333500 
01732869279 
01777762306 
01711556056 
01729095855 
1711011399 
1558616189 
01711527509 
1819219175 
1711529182 
1711522945 
01713065887 
01819311224 
1777764771
1716906113 
01711530269 
1817098661 
01714097811 
01819080608 
1730704159
1819221319 
1711439051
1713037714 
1713041560 
01750049042 
01919563152 
1713065288 
1919311628
1711530166
1819319845 
1713028152 
01752476335 
01711542844 
01711594727 
01711521969 
01713453595 
01324712700 
1711561147
01787686502 
1711721432
1711568703
01711593321 
01713065534 
1714132331 
01970000683 
01713485585 
1811375757
01711530992 
01819170836 
1716313309
01711561051 
01707072320 
01815844631 
1711720458 
01715427598 
1612622933 
01713121438 
01711532592 
01798670556 
01819311747 
1711590148
1199853861 
1199853861 
1715061826 
1711537227 
01913526075 
01938817070 
1715966396 
1730087157 
1713040509 
1914221924 
01713333090 
1711619454 
01777761481 
01711520874 
01911089247 
1711524956 
1711816288 
01819257800 
01711521874 
1711565724 
01713143171 
1913377341
1711561539 
1713221600 
01819229019 
1916498790
1713164177 
1711523456
01405315070 
1711313939 
01710565555 
1719788643 
01611003636 
1711853259 
1711853259 
1711761461
01713302933 
1711521835 
01914232652 
1711367879 
1711721785 
1670338000 
1711809867 
1711809867 
01718886364 
1713015671 
01711563231 
01713221615 
1715113004
1711523370
1819401028 
1819152656
1711527439 
01711748256 
1715163254 
1711594518 
1716112862
1911000150 
01711522945 
1730450309 
1711540136 
1713012803 
1711547927 
1713034624 
1199854411 
1711566719 
01711520079 
1711533113 
1711566719 
1711566719 
1711566719 
1730026554 
01818191966 
1711562040 
1713031876
1711816288 
1711539811 
1711530992 
01713003791 
1819229398 
1819229398 
1199708586 
1817045447 
01714072767 
01819872851 
01819311476 
1715031846 
1817048734 
01819313666 
01711533228 
1918196912
01919303176 
1730037456 
1711527183 
1819316680 
1836183919 
1713063941 
1711367684 
1711510764 
1819316680 
01841310300 
1819316680 
1819316680 
880 1989666666 
01863607570 
01711537522 
01911478120 
01711520388 
01861423427 
01636799054 
1711520990
01755601445 
01552463794 
1711526145
1711525976 
01716953525 
01711267387 
01314533190 
1819312028 
1552600904 
01713104909 
01787657771 
01711549041 
01711549042 
1711546875 
01713015385 
1712114532 
01711563231 
1711522654
1711522654
01919390956 
1713015665 
01714166215 
01714166201 
01713372905 
01819131365 
01752907828 
1819280390 
1819280390 
1819280390 
1819320431 
1730345577
01715604482 
1711522945 
1711525666
1912700600
1711533145 
01713273162 
1713005166 
1713032058
1929911886 
01841220220 
1711272728
1711521762 
01711525717 
1819214576 
1711524526 
1713489708 
1711687255
01711594596 
01714097811 
01747448077 
01711538469 
1711561544 
01819310120 
1711897926 
1556359871 
1819214576 
01711593321 
01711538469 
017777707104 
01757345242 
1711721414 
1713479244 
01713121102 
01711529944 
1714323983 
1711534954 
01755524393 
1915734513
171156974 
1619260048 
1619260048 
1619260048 
1619260048 
1711544438 
01730711599 
01841476852 
01811481312 
1619260048 
1716139860
01724118115 
1711626097 
01613888766 
1711750698 
1713000146 
1711525976 
1711525976 
1730027960 
1713020046 
1711527018 
1713062177 
1711537965 
01819476064 
01772224484 
1819498473 
01711524956 
01711522717 
1711723186 
01711565703 
01750075001 
1819374384 
01713461947 
01713014327 
01709298486 
1675679110
1711547111
1711372443 
1711537227 
1711686204
01729296458 
01729296458 
01713409814 
01713363363 
1714293398 
1711533009
1711533009 
1711533009
1711696758 
1711696758 
1711520428 
1711520428 
1197015078 
01711566422 
1711566422 
1819224009 
01322818848 
01919211922 
1711523484 
01819224444 
01711871379 
01716326684 
1711813519 
01716672663 01716672663
1711533982 
1711760461 
01711523859 
1713311151 
1713409240 
1713078640
01711533742 
1713120895 
01713014147 
01713014147 
01713014147 
01711521319 
1711521319 
1711540136 
1714037408
01713104227 
01713274327 
1711533173 
1552600904 
01711520639 
01731114581 
1711808552 
1711563439 
01711532905 
01611817371 
1711568072 
01772749524 
01835904801 
1711568072 
01711624871 
1713065290 
1819228922 
1682444455 
01813690854 
173002020 
1819314818 
01715028566 
1819227779 
1715029639 
1819313886 
1713426611 
1678666222 
1711520347 
1711532592 
1713030343
1711566228 
1819221319 
1730071353
01711974027 
01711530269 
1711522945 
01929913111 
880-1929913111 
1713011116 
1713146867 
1911357667 
1717505912
1711720054 
01711720054 
1711522659 
01713014147 
01713014147 
1711594140 
01717734185 
1912104425 
01677292629 
01977755588 
01718988391 
01719760064 
1730446353 
1918534488 
1711941709 
01711031136 
01735156859 
01711523443 
01711724315 
1195001700 
1711591138 
01711593321 
01711593321 
1730080818 
01713002366 
01818860516 
1971163915 
01711022111 
01711593321 
01911386878 
1711536274 
01713036272 
1713100040 
01913467286 
01618880025 
1819017620 
01715004717 
01714306729 
01714306729 
01711387634 
1711593183 
01715000182 
01711040200 
01714174381 
1730187329
01713245588 
1713245588
1759445544
1970105060 
01720519005 
01911305618 
1912481241
1711549001
1755523101 
1619260048 
01919622275 
01711592972 
1729777076 
1914876250 
01819313175 
1711521835 
1713006740 
1711591175 
1713033505 
01712032193 
01686520606 
01713012701 
1713014861 
01933221122 
1717122558 
1730076333 
1711536919 
01711141111 
01713110314 
1711540954 
01713860169 
01711749591 
1711520079 
01713508879 
01714097811 
1711528417 
01738266738 
1711549716 
1819314126 
1713018473 
1932876352
1711534563
1711534563
1819250493 
1678060504 
0182121944 
01715109018 
01912375393 
01714097811 
1712141364
1713290220 
01711760219 
01711203740 
01711524895 
01786000042 
1819313886 
01707081553 
1819215057 
1937780263 
1711814508
01711925220 
1711521276 
01711522945 
1711522945 
01711522945 
1711522945 
1713042389 
01711522945 
01711522945 
1713039056 
1711520475 
1977767000 
01711520475 
1711520475 
1977767000 
1711520475 
1711533819
1921604302
01711537522 
1811145553 
01711814912 
1713006997 
01819227981 
1916151388
01407669967 
1819311799 
1819311799 
01713485585 
01819240978 
1934330680
01511238140 
1819211970 
01722516210 
1673912111 
01720482261 
1919255784 
1713032357 
1713038616
01713013991 
1938817070 
01711185139 
01713036829 
01708518033 
1911311075 
01712927287 
1726056711
1719432128 
1711593833 
1711522945 
1711540899 
1713438980 
1713438980 
01786326068 
1711549337 
01819214079 
1711801271 
1711650110 
01716099249 
1711344308 
1613001972 
01723158784 
01713036829 
1714110568 
1711561342 
1714110568 
1711561342 
01843896004 
1711747047 
1712812045
01819220961 
01711521073 
01712896074 
1713001276 
1711526543 
01713068812 
01711521073 
1819213824 
01819286908 
01713083522 
01914234699 
01819318526 
1713030776 
1819213362
1712134574
1752719550
01720984970 
1819312641 
01971548931 
01711564888 
1914124098 
01713030454 
01817031745 
01819813951 
01819219447 
01819813951 
1713328930 
01711530599 
1915194344 
1819446609 
1711564988 
01711524895 
01713245588 
1711527062 
1711760921 
1712341817
01819312967 
1711544044 
1711544044
01814323172 
1728292581 
1711747047 
1711747047 
1825565211
01675369235 
01784107655 
1711520401 
1711520401 
1711568541 
1732415550 
01916443344 
1711578541 
01713485585 
01819207048 
01711578541 
01711520169 
01819217939 0
01713042532 
1819140666 
1672883333 
01711525717 
01921001100 
1730300395
880-1929913111 
1713004383 
01703978991 
1711528988 
1711528988 
1711528988 
01616673221 
1819228188 
1819228188 
1819228188 
1819228188 
1819228188 
1819228188 
1819228188 
1819228188 
1711593347 
1987703550 
1819228922 
1973042637 
1713063361
01939906501 
01819245113 
1713017382 
1733265894 
01711523859 
1819241069
01819228922 
1819228922
1713434650 
01713008854 
1711521106 
1713148937 
1819228188 
01711564963 
01713004343 
1914392551
1912177460
1711750784 
1711750784 
01737777719 
1711538789 
1819221777 
01913261133 
01711594151 
01819323285 
1711562707 
01711107111 
01715029518 
1711560700 
1711538753 
01713100789 
09666777879 
1711524945 
1711535284 
1711747047 
01713100789 
1711528388 
01713100789 
1711521835 
1711544716 
01711531177 
1819226794 
01819218401 
1817524413 
1713121141 
01713060081 
01713060081 
1711526628 
01319243130 
01711521653 
1731044965 
1713008485
1713008485
1713019026 
01713021577 
01777794114 
01711524848 
01711817371 
1711564827 
01713461067 
1711562827 
01711535173 
1711548769 
1711548769 
1711548769 
1199861332 
1711536000 
1711547520 
1911334888 
01713120056 
01712790694 
01732869279 
1711391101 
01711560633 
01711560633 
1713036272 
1711809879 
01711547653 
01711547653 
01711525717 
1711528988 
01676785283 
01713004734 
1819251577 
01842645566 
1713006944 
1713033505 
1917776666 
01713274327 
1917776666 
1713034189 
1712597323
1711560028 
1819324260 
1911381177 
1713019257 
1720345346 
01715010996 
1711979320 
1711838316 
01713060542 
01711228879 
01763256861 
1911365134 
1678141202
1713160531 
1819245164 
1911340414 
01713274327 
01711565703 
1711563391 
01714167503 
1713034189 
1678020351 
01844083301 
1714338770 
1711408605 
01880161050 
01713274327 
1920161000 
1730321001
01711536184 
1819223041 
1819223041 
1917611462
01782777777 
1911354493 
1711720458
1552634954
01819551121 
01711527927 
01735577531 
01713013546 
1977303140 
01772562535 
01725541696 
01716860580 
01713274327 
1711725014 
1711525354 
1711568703
1711594151 
1714171895
01946470610 
01911360213 
01711665994 
01911360213 
01819223041 
1711525447 
1713033505 
1711531895 
1713035333
01911360213 
1819228188 
1711720458 
01978284915 
1711538545 
1747361189 
1911382164 
1972552969
01812091550 
1711526281 
01819231258 
1711524526 
1726437427 
01819230547 
1711592568 
01791111000 
1711532555
1711548116 
01817718228 
01911345004 
01713031579 
01787548128 
1615559910
1720999542
01713384400 
01973001008 
01711565854 
01318338101 
1819329466 
1912008838
1712798007
01716340698 
01711564884 
01711568575 
1713426132 
1711536978 
01713006742 
1713014945 
01819606004 
01817715971 
01819395977 
1711433669 
1711549716 
1678062341 
1611534143 
01711521551 
191220550 
01711563506 
1711563148
1713312317 
01711720484 
1711720484 
01713000171 
01841776211 
01534826518 
01892576905 
01711843777 
1713035815 
1711521912 
1711521912 
1731631279 
1711598528 
1714031296
01748877990 
01715076359 
1711565955 
1711596103 
01400432281 
01711525504 
01713101209 
1711549716 
1711560464 
01711534399 
01711527595 
1713017447 
1915476655
01754982979 
1713032958 
1713013936 
1711531475 
01711150414 
01715540634 
01552600904 
01713450755 
01716904589 
1711721005 
1711170081 
1713120895 
01715348493 
01711547653 
01713046497 
01711533360 
1711457501 
01711533360 
1837035050 
01713068965 
1713009998 
1819229398 
01711149890 
1819222174 
01713041747 
1671858662 
01711107111 
01711107111 
01711520863 
01711525717 
1819312641 
1713423111 
1711721166 
1711721166
01819322333 
1711683619 
1713032990 
01713014327 
1819211686 
1730440677 
01713203064 
1675621608 
01777757665 
1713146867 
1711566263 
01715006175 
01715006175 
01715006175 
1713081237
1713046272 
1713046272 
1711525976 
01711522538 
1816237583 
1911930000 
01819211843 
01819217939 
01711542355 
1755627731 
01713372905 
01713372905 
1711526199 
1199854602
1713102479 
01713001467 
1713013997
01716382028 
01715864740 
1755616710 
01819563329 
01989022098 
01841697702 
1711537961 
1711531579
01713193979 
1819224240 
01711725969 
01712940993 
1711530996
1711530996 
01700702353 
01616326044 
01707077999 
01707077999 
1678097493 
01918706339 
1819144050 
01711600530 
1617411722 
01912447161 
01711747341 
1813506685 
01711536044 
1711528358 
1711528358 
01711530599 
01713341390 
1711523905 
1818873428 
01743926514 
01321125777 
1827510645 
01713508879 
1711560694 
1711532521 
1945305156 
1817048427 
01711520564 
1711528863 
01711528863 
01711528863 
1711528036 
1711528863 
1713003797 
1713003797 
01795094961 
01711522285 
01711522285 
1713362901 
1711748895 
01847337222 
01611527486 
01715003759 
173008854 
1715204065 
1817044616 
01711526628 
1727576855 
01711547672 
1712055584
1712055584
01711568264 
1711520466 
01819225479 
1711520466 
1711202772
1678062870 
1711538213 
1711720826 
1720970369 
1711561419 
1713423112 
1730320857 
1819230596
01719977613 
01716269184 
181935362 
1819315362 
1819315362 
1711529775 
1713049067 
1711521835 
01711521835 
01713372905 
1711563161 
1711724724 
01713007626 
1713066349 
01713146867 
01871800800 
1713245588 
01305690037 
01715004717 
1715016792 
01713388766 
1712794144 
01713003324 
1819241961
1715782856
01711199398 
01711563161 
1714108836 
1713426133 
1713037910 
01714302133 
1711721166 
1713121699 
1713141374 
1711721166 
1683051887 
01711873914 
1713017029 
01718963538 
01939906501 
01913-255333
01715615457 
01819221355 
1711564803 
01709644000 
1713372845 
1713033505
01708521062 
1819385815 
01735362075 
1711537227 
01711533778 
1712069183 
1711542425 
1711531098 
1678008855 
01817754951 
01678755019 
1819378910 
1817210787 
1711523859 
1711726247 
01711523859 
01711993676 
1730330000 
01713008644 
1711526125 
01674791609 
1711524680 
1819254154
1711522134 
1711522134 
01819248104 
171159456 
1552421457
01714107356 
1713047815 
1711560633 
01711877640 
1711835148 
01713009290 
1711526914
01711750266 
01711533173 
1711525117
01711560633 
1819291691 
01711568138 
1711568138
01711568138 
1819316680 
01929342559 
01819224021 
1711807605 
1711530565 
1713041599 
1711725884 
01713118022 
01711521073 
01819258019 
1713019096 
1711566974 
1711749339 
01785402774 
01711452676 
1713452060
01711282309 
01797777330 
1711521138 
01711387039 
1199819094 
1711523846 
01711804907 
1711526707 
1711562707 
1720159054 
01710741529 
1711522717 
1819228922 
1556359871 
1711528288 
1819382978 
1713362901 
1711560281 
1711567041 
1711521717 
1711760120 
01742388866 
1759198344 
01713062177 
1711593493 
1713040509 
1711566510 
1726056642 
1726056642 
0171308070 
171308070 
1711564838
1713011116 
01777741156 
1713011116 
01777741156 
1711520864
1711594854 
1711724142 
01713034543 
01711520864 
01711520864 
01786493651 
01730022113
1711536052
1730320857 
1678136795 
1819240333 
01755501319 
1710854145 
1914899832
1711720780 
1730434924 
1730434924 
1730434924 
1711562135 
01998637962 
01711876950 
01777762306 
01711438752 
1711521276 
01716877904 
1720970369 
1711525720 
01715062861 
01711568138 
1829554386 
1730051300
1713066490
1711536418 
01683555111 
1715223354
1715135700 
01723941316 
1713123153 
1711593183 
1711540954 
1711540954 
1711762891
1711534250 
1711534250 
01729096555 
1611699999 
1711532644 
1711532644 
01821419080 
01819223993 
01988330033 
01711603866 
01913617897 
01301585313 
1711528707 
1711591295 
1711526543 
1819275012 
1719359532 
1913627699 
1711520107
1819228188 
1819228188 
1711696758 
1819228188 
01917544954 
1819228188 
1819228188 
01629005005 
1715005751 
1713048551 
1713061163 
1711847972
1711522869 
1711630464
1716333706 
01711925038 
1711224367 
01707568040 
1713005121 
01713481994 
1711522667 
1711522667 
1711522667 
1713084233
1673317715 
01713274327 
01736305136 
1726072168 
01619228601 
01711479936 
1713009282 
88 01716638210 
01711521384 
1753896508 
1754388510 
1713454389 
01711537770 
01711537770 
01711537770 
01829888740 
1713036930 
1713082046 
1711594188 
1730303631 
01711546836 
1713519601 
02996688820 
1711531102 
1711531102 
1819318540 
1819318540 
923212810093 
01914214636 
01711139653 
1675724765
1711566587 
01711529944 
01912203999 
01714100953 
1713451875 
01713388816 
1713003870
1819219518 
01714100953 
1711522444 
1711532174 
01711547761 
01713388111 
01713036695 
1816732687
01711527927 
01711561354 
1711561354 
1919797756 
1712421099 
01714267928 
1711520910 
01713042613 
01713013311 
1914601001 
1713038105 
01713274327 
01711536256 
01711536256 
01713037767 
01711529977 
01713037767 
01713037767 
1750114130 
1714080780
8801712738967 
01958633406 
1712270853
01611249507 
01711560560 
01713062177 
1713062177 
01713062177 
1749067594
01672821720 
1819219860 
1712272450
01312505079 
01711040200 
01819310597 
1711524956 
1711522945 
1711522945 
01711524956 
1712232513 
1711542907 
1711523526 
01711534193 
01711534193 
01711534193 
01713062177 
1711561125 
01711534193 
1713434777 
01611563447 
1819228712 
01819345682 
01732705147 
1713008830 
01713022649 
1730426677 
1715286356
1755559862
01774996201 
01711522647 
01711536869 
1819423326 
01726222949 
1911367186 
01777762306 
01913618545 
1713030643 
01711871379 
1711192374
01711797910 
01915860149 
1711401586 
01715135700 
01711524956 
01777780600 
1199867181 
0682252145 
01755616822 
1819224601 
1711522945 
1741612135 
1711520946
1817027214 
1199865074 
1711568503 
01714091135 
01711581093 
1711560105 
1711560105 
1711525716 
01711530065 
1819228188 
01678038803 
01678038803 
1711628118 
1733663322
1711562135 
1713010287 
01819216119 
1711549009 
01748971423 
1711525777 
1711524956 
1711525777 
1730080818
1711525668 
1713063983 
1711521554 
01755601445 
1916579840
1711567878 
1711379134 
01742205557 
1819315486 
1713004072 
1713035360
01713035360 
1711835414 
1713001224 
1711533563
1672037889 
1713006997 
01711523449 
1711682014 
1711438696 
01713192039 
1819398102 
1713014854 
1713000081 
01973065599 
1711561367 
1711311972 
01819215239 
1919998777 
01755648385 
1714035240 
1611529155 
1711529155 
1711540475 
01711541015 
1911362265 
1730066621 
01771353721 
01711524794 
1711880077 
01713221615 
1711565070 
1819250405 
1819250405 
1711567012 
1711567012 
1711567012 
1711567012 
01848080971
01711853521 
1749303884 
1619260048 
1711522436 
1711549788 
01713192039 
01713192039 
01701228503 
01716592055 
1731415550 
1819383745 
01711534193 
1713333313
1727311129 
1726738256 
01819230596 
01911336664 
1711528780 
1711521554 
01967220000 
01710535551 
01886577500 
1911354493 
1713047815 
01713019291 
01711564963 
1928903098
1727011822 
1711531327
01712793661 
01711505717 
1711531327
1914199449 
01711535173 
01752630151 
01711750266 
1711531260 
01713077786 
01713030751 
1711530071 
1711531642
1713271877 
01711890405 
01711521530 
01711520863 
1711520863 
01711837637 
01711520863 
1711566046 
1711816540 
1711525354
1819310644 
01711560560 
01711560560 
01711560560 
1711549636 
1711527509 
1711524981 
01711523803 
1714069926 
1711529616 
1711369059
1711594140 
1819225384 
01713485585 
1711525354 
01844482600 
1819229398 
1819229398 
1819229398 
1711538181 
1711521717 
01819445090 
01819207048 
01711834339 
1812175675 
1713039697 
1711531475 
1711549788 
1713062177 
01707570787 
1919416417
01730340310 
01611424242 
1714115143 
01819261191 
01742371379 
01915681801 
01915681801 
01713003269 
1819205125 
01321316069 
1711549459 
1713013825 
01790236221 
1918234801 
1556359871 
1711611952 
01820242862 
01711697243 
01711522285 
1678008855 
01711720484 
01711529705 
01713016379 
1919584827 
01844019510 
01711635633 
1819244904 
1711523362 
1713047423 
01713003409 
1199850321 
1716879918 
1819228318 
1713033517 
0171304459 
01713062177 
01718073948 
1713452060 
01714578675 
1713118752 
01713205718 
1714076076 
1911340705 
1711521554 
01712017127 
1715327538 
1711564988 
01711593321 
01796711981 
01713017972 
1750049041 
01713185464 
01730729129 
1911341839 
01711564988 
1790216814 
01713015385 
1819310511 
01615432281 
1711676758
1711591309 
01782562044 
1711560560 
01915400500 
1711531139 
1711531139 
01675369235 
1711532282 
1715127577 
1713452060
1819493763 
01711520907 
1713333226 
01711521171 
01713049928 
01713049928 
01713333226 
01713333226 
01713381554 
01313779903 
01711521090 
1973042637 
01627505104 
1819355348 
1713101678 
1713160169 
01713205718 
1715534855 
1713160169 
01711523181 
01716844879 
1711545959 
01793598031 
1711524369 
01713032269 
01713032269 
01711541015 
01711544972 
1714454292 
1711563872 
01713461067 
1711525720 
1711563872 
1711760461 
1711549459 
01711797389 
1819323289 
1715959977
1716315851 
1711747047 
1711561557 
1711222305 
01841386016 
01841386016 
01713386026 
1711520106 
1713021144 
1715287591 
1819267788 
01819311476 
09609655555 
01711993686 
01711521090 
01711594647 
01711594647 
01711541528 
01721487348 
01708536155 
017118633351 
1711897926 
01719279648 
1711721785 
1711721785 
01886257240 
01711637721 
1711522706 
01777762306 
1819836340 
01819310631 
1819203344 
01819310631 
01613060324 
01790542000 
01715952851 
01831312452 
1817048912 
1711595151 
1711546868 
01713044093 
1711524286 
1817747640 
1911317453
1711520609 
1713454275
1711220143 
1711536131 
1713025262 
1711595929 
1711592386 
1711595929 
01711541015 
1711645407
01819212115 
01819212115 
01819212115 
01711524508 
1711522436 
1711522436 
1711522436 
01819311243 
01914242000 
1713006742
01711273250 
1819343563 
1711531971 
1191040600 
1819211940 
1711545222 
1816237583 
01713062177 
1713005607
1199836893 
01711536591 
1711536591 
01711536591 
01711536591 
01713121141 
01713121141 
01711534139 
01711534139 
01711530599 
01713121141 
1711538181
880-1929913111 
01975406937 
1712561679
1711544163 
1732337812 
01711522945 
1711522945 
01713274327 
01711541015 
01711523859 
1730300395 
1728732980 
01711526987 
01713274327 
1713452060
1711527901 
1713435200 
1711532162 
1711548597 
1711595441 
1819319845 
1819253021 
1711522869 
1712701646 
1714169556 
01718426453 
1817604371
01713108601
01700591599 
1726069726
1758866584 
01700777548 
1711720458 
1727420932 
1711532330 
1711532330 
1711543478 
1713034189 
1817119588 
01711591280 
01554341433 
01714403360 
1911345004
01670400301 
1711530574 
01711520270 
1711520270 
01973065599 
01711566548 
01975303530 
1711726247 
1711522647 
01711560560 
01819412120 
01937898114 
01996664444 
01611594854 
01711535355 
01819312967 
1711532232 
1713012925 
1711538518 
1711724294 
01711808552 
1714068956 
01713490098 
1711532592
01730078526 
1819314200 
1713460607 
01755501190 
1711548906 
1711561936 
1817030449 
01713336300 
1711583833 
01729227461 
01915555992 
01730056999 
01715025167 
01713001581 
01817045447 
1817724962 
1715149634
1916153857
1613002605 
1913627699 
1711647287 
1711520216 