8801711347977
8801764212924
8801711067163
8801712687565
8801711907049
8801711318211
8801711922288
8801712249564
8801712565480
8801711739067
8801723366463
8801711326842
8801711318217
8801716690309
8801711345034
8801711331479
8801711268505
8801711435438
8801711823852
8801711183855
8801711922567
8801737815580
8801777488456
8801715294043
8801740035432
8801711983518
8801723162192
8801711454378
8801711322014
8801711988986
8801711812369
8801712398864
8801726536363
8801712051299
8801711975047
8801552412723
8801718223020
8801710905631
8801716200074
8801711326875
8801711921212
8801712745361
8801711851043
8801715109719
8801715600425
8801711813713
8801715746343
8801711572723
8801711282753
8801711975113
8801711887191
8801711920360
8801711974780
8801715003056
8801715294540
8801819654265
8801712565544
8801711834137
8801711973688
8801711342387
8801711357215
8801715002719
8801672524633
8801977660014
8801724074426
8801713301212
8801711967085
8801717543892
8801712454919
8801715083822
8801711447038
8801711984012
8801711012842
8801766878811
8801711736079
8801712285700
8801711332617
8801715453694
8801711858476
8801711347011
8801711329374
8801720316074
8801711449727
8801724691177
8801726080061
8801711830461
8801711326089
8801711575871
8801771144666
8801711006105
8801713808917
8801711322244
8801711330729
8801711406003
8801711932594
8801764545630
8801711921296
8801711973228
8801711191997
8801716562169
8801711364366
8801712685868
8801737847728
8801715140797
8801711912391
8801795048767
8801711484867
8801732240239
8801711549747
8801715095851
8801711975004
8801712650900
8801711268680
8801711345037
8801726357988
8801715171165
8801719014102
8801728978045
8801711983403
8801711331443
8801716876364
8801716387357
8801715013851
8801740586208
8801713802893
8801712613009
8801726776951
8801711311650
8801711112515
8801711700332
8801711913343
8801712523949
8801711268783
8801711977517
8801741107122
8801711042179
8801715083157
8801712051688
8801745344388
8801766683367
8801721412699
8801716946831
8801711315769
8801711866604
8801711353196
8801711866603
8801711232120
8801711329748
8801711921126
8801733200101
8801712247803
8801711129551
8801715744234
8801713426823
8801711975517
8801712240994
8801711300964
8801711175852
8801726768528