8801791656333
8801682573842
8801857034885
8801816098449
8801711775122
8801199761016
8801713104422
8801729229955
8801841511777
8801819398000
8801711856025
8801611856025
8801819316705
8801717379235
8801753382383
8801711821344
8801817739053
8801974307878
8801711170526
8801868561554
8801199243795
8801819109369
8801715898674
8801533330678
8801770332233
8801925654397
8801843045045
8801819377269
8801820516801
8801820039913
8801553316920
8801713119411
8801514314251
8801817316223
8801812345505
8801711184908
8801711353541
8801819317274
8801819312629
8801819906101
8801819363454
8801815605252
8801818926935
8801815522252
8801715898512
8801919522251
8801819388661
8801919388661
8801811887742
8801755884922
8801817225499
8801819388325
8801819939890
8801741328971
8801714382898
8801711795601
8801819618925
8801818676691
8801814419045
8801712524967
8801554334290
8801832288403
8801855505815
8801814831352
8801554357670
8801819177129
8801701297100
8801819389337
8801819317280
8801711790005
8801819318812
8801824979846
8801918529869
8801811483224
8801819329983
8801819346162
8801970800003
8801831758670
8801979109151
8801819903557
8801711720807
8801715612300
8801812855995
8801819107770
8801813051990
8801713625733
8801819328987
8801816033880
8801713312337
8801716473055
8801717118011
8801711861620
8801711272368
8801719390110
8801817756245
8801816440555
8801746562543
8801714207827
8801819613401
8801711360362
8801812023352
8801713007875
8801819318695
8801716488964
8801819624104
8801813124506
8801819179990
8801711306859
8801819396316
8801791299966
8801797585228
8801740933939
8801720229128
8801730042500
8801817719788
8801737556978
8801711812205
8801823172020
8801740565020
8801817740462
8801717741171
8801711770052
8801819312085
8801715149316
8801819326711
8801748538288
8801711721809
8801711720167
8801715542277
8801874456455
8801715534388
8801711725559
8801819611458
8801718112960
8801711279855
8801833948676
8801840555779
8801940731915
8801825258033
8801815810498
8801715376427
8801795068777
8801717148680
8801819809114
8801815822627
8801819336650
8801757312331
8801819331965
8801815482874
8801713221593
8801711270545
8801712098127
8801819319882
8801712673337
8801837772222
8801811935212
8801675279047
8801819324852
8801711815306
8801815113325
8801830272840
8801945450879
8801711749591
8801817715227
8801817701897
8801819326145
8801815528400
8801729462326
8801715741616
8801713112839
8801716873949
8801755600616
8801819390972
8801744337593
8801819316174
8801711836941
8801670336689
8801819298262
8801819312322
8801554336432
8801815916223
8801819938927
8801823006888
8801817766225
8801712981662
8801748900969
8801713104937
8801747348558
8801817746201
8801787664161
8801711721063
8801711815294
8801725977608
8801811186797
8801919545865
8801815141265
8801711560635
8801816052949
8801777775111
8801823256688
8801812384222
8801842002410
8801716310001
8801819338796
8801819065244
8801814781835
8801748444480
8801819378168
8801711748916
8801670455783
8801812101310
8801712820451
8801754641236
8801711720558
8801711538334
8801713331450
8801819199781
8801819641407
8801815119464
8801720692325
8801715014701
8801711720488
8801711548459
8801819325044
8801711721519
8801979380542
8801819313845
8801819320465
8801715242031
8801819393284
8801819058907
8801785922222
8801718168876
8801720623952
8801978261999
8801816095286
8801710527082
8801912552703
8801733999931
8801815671345
8801715509079
8801713015354
8801910831824
8801717157643
8801711848004
8801716200237
8801819872189
8801711315857
8801622232222
8801919615755
8801818597946
8801715729015
8801819315979
8801819803804
8801199762461
8801819057676
8801819316565
8801819388314
8801819310254
8801740655131
8801617003322
8801712087987
8801711025488
8801711797852
8801813706371
8801814812022
8801814812002
8801817232575
8801715113905
8801818166277
8801713113388
8801711820120
8801715608300
8801819827650
8801825035490
8801819374099
8801971173330
8801819374080
8801782679494
8801723569955
8801711202537
8801819380955
8801818684435
8801758118145
8801818495558
8801818562709
8801711989404
8801712281990
8801818152194
8801711716642
8801817070383
8801817332363
8801558862265
8801817744579
8801875060500
8801818106001
8801711684215
8801781337700
8801670301002
8801819314974
8801815115586
8801814285249
8801819316701
8801817381498
8801819313071
8801627371459
8801718112593
8801711865257
8801819377839
8801819012512
8801819804589
8801713106283
8801819671092
8801818529268
8801757098158
8801713104104
8801818805612
8801711322818
8801711120130
8801676307756
8801819615632
8801838826899
8801714080703
8801819395840
8801711724999
8801818099089
8801819312267
8801842348172
8801711307747
8888018198310
8801819308046
8801712916416
8801936383838
8801819367052
8801815018649
8801715898295
8801817790871
8801711322610
8801733002240