8801971314280
8801708448000
8801713064040
8801711431555
8801713067459
8801705500006
8801820297659
8801715013297
8801819187244
8801711048079
8801842048079
8801788531182
8801867397148
8801713452576
8801709990702
8801715013119
8801879992313
8801711590182
8801715933111
8801714455142
8801712061656
8801711531578
8801675838216
8801713012018
8801613012018
8801819214588
8801628409262
8801713117784
8801711593303
8801720340187
8801841977777
8801713314852
8801713014292
8801712055051
8801787269011
8801711523509
8801711595261
8801914855150
8801819246856
8801614855150
8801711566952
8801717316919
8801617316919
8801677249953
8801917869612
8801911311019
8801711830078
8801911448086
8801789555155
8801731288888
8801819226423
8801819241808
8801711829073
8801784384588
8801819219257
8801711625647
8801711548990
8801787733874
8801552637898
8801817612825
8801911357423
8801911918760
8801713009704
8801999444000
8801711567589
8801819805846
8801911310513
8801914900889
8801979387082
8801819387082
8801711591296
8801713033337
8801716441748
8801937898720
8801925154868
8801819213089
8801552422007
8801915495353
8801716420597
8801841266144
8801713038943
8801716225898
8801844182851
8801710296400
8801713011518
8801973030281
8801726245567
8801711531105
8801741669961
8801710967403
8801762379129
8801714329252
8801819408854
8801681389814
8801745771848
8801984175569
8801971561320
8801715022909
8801675776901
8801611222206
8801715016216
8801674004368
8801712178648
8801612540612
8801926757040
8801911486219
8801611486219
8801711529684
8801611529684
8801711344574
8801711446290
8801711045844
8801715967314
8801819254212
8801819214195
8801713008918
8801960359955
8801716025923
8801918669988
8801920302939
8801985554112
8801985554113
8801985554114
8801819471544
8801785997523
8801819181925
8801934308386
8801819421480
8801740953335
8801819229705
8801715416796
8801814443111
8801819248622
8801711549285
8801729097612
8801711352176
8801923555593
8801712269841
8801751188990
8801711520310
8801711520924
8801732291526
8801814917800
8801914611865
8801974917800
8801713129598
8801715136485
8801819443031
8801793332313
8801729051366
8801711536884
8801720409293
8801817295858
8801819470345
8801711365669
8801819242481
8801711531548
8801819224610
8801760151939
8801738023777
8801672640671
8801819248812
8801711592264
8801819279533
8801682901838
8801711532523
8801711585249
8801843564090
8801712791065
8801711937205
8801711594591
8801715063620
8801711549499
8801711521294
8801819214015
8801711527557
8801716615046
8801713122427
8801713013966
8801819498260
8801814831352
8801827543153
8801711520547
8801641252525
8801711125627
8801711537712
8801670398655
8801714237387
8801938066181
8801759904346
8801758851947
8801707073667
8801973078870
8801711949021
8801711828810
8801971002003
8801714378575
8801819491752
8801819329983
8801824653734
8801819346162
8801817035242
8801711532140
8801711524334
8801732117609
8801711520535
8801928519629
8801613452595
8801711891957
8801824800116
8801726361903
8801911353082
8801713040695
8801711538437
8801793555999
8801819228452
8801744800500
8801776788166
8801911340275
8801768661199
8801715877018
8801711970759
8801716791371
8801713005754
8801711108284
8801711884642
8801711695922
8801711820122
8801727530862
8801711655052
8801729092600
8801711527359
8801798262320
8801711362761
8801819238312
8801819224642
8801742328888
8801817722921
8801711523657
8801705056003
8801718290877
8801715944275
8801671777774
8801720171550
8801732770020
8801771118818
8801713041131
8801711712504
8801715104604
8801714171913
8801711861620
8801819244306
8801819212783
8801922114009
8801726624955
8801711775122
8801711592633
8801778319665
8801709990701
8801611717155
8801797504626
8801750767676
8801711376730
8801815007284
8801971943241
8801714096874
8801778353467
8801713064642
8801726624040
8801711544618
8801713410646
8801711321470
8801733899353
8801713007127
8801819228927
8801715363575
8801711524479
8801710515145
8801822853822
8801715101472
8801711525857
8801713033183
8801711523859
8801713007875
8801713452614
8801794532121
8801819275245
8801740400129
8801711361786
8801819287777
8801819145009
8801675018838
8801711538611
8801713045534
8801911360454
8801711536464
8801779199634
8801711530688
8801710506006
8801720804935
8801552328136
8801711526189
8801712111736
8801714337560
8801711547078
8801711542567
8801717572798
8801715492414
8801762696066
8801711711973
8801973042494
8801819216721
8801632903902
8801813678441
8801771571079
8801711112819
8801787871089
8801711676381
8801711560056
8801711525366
8801715001096
8801793692680
8801713060100
8801818449353
8801711548022
8801711229407
8801794777185
8801731371072
8801745770401
8801714416678
8801711538132
8801727508243
8801711567272
8801819217093
8801726064444
8801923114621
8801704038763
8801730302022
8801711533968
8801711525386
8801711521691
8801972653252
8801712173752
8801711526419
8801714295857
8801712527417
8801914885499
8801711348191
8801713456966
8801711542874
8801711541210
8801713037646
8801715038488
8801771257536
8801727288480
8801843333358
8801711146835
8801817514675
8801679341777
8801716418816
8801793300299
8801762402416
8801819272213
8801926040793
8801711185265
8801712159789
8801755226688
8801711533049
8801779474312
8801778202435
8801711563249
8801819310254
8801711832841
8801713004550
8801819237392
8801711462642
8801819218977
8801730302003
8801818302357
8801713504647
8801713063126
8801819225084
8801727557777
8801731545279
8801760298265
8801716415161
8801711229330
8801710958957
8801727640234
8801819211014
8801715090823
8801914886486
8801714321870
8801797399940
8801712659651
8801676118941
8801714138170
8801713035964
8801977029758
8801819262176
8801817003943
8801724650976
8801711520893
8801726968938
8801817586752
8801711532047
8801711462836
8801819231871
8801819151619
8801700744505
8801711546975
8801712185146
8801711522515
8801714498035
8801722222269
8801711245771
8801711548437
8801779888811
8801711485556
8801766933370
8801711520259
8801771766696
8801959879678
8801711538404
8801713002330
8801774998620
8801720532169
8801716436239
8801731735237
8801711563122
8801711642251
8801819219384
8801711035085
8801711565767
8801711546956
8801925783984
8801819250193
8801727430258
8801713270599
8801711530848
8801795096659
8801919134443
8801768961533
8801632369874
8801713001807
8801714103747
8801711353541
8801711888455
8801675022682
8801711704323
8801711567593
8801712850650
8801713032616
8801819319882
8801711642259
8801711816996
8801741332171
8801819254261
8801715699810
8801711526230
8801911333220
8801911342308
8801938849111
8801711528414
8801713030906
8801819218462
8801730015997
8801711543308
8801711540961
8801711529855
8801713039085
8801713001688
8801718193880
8801713011717
8801919292094
8801819219097
8801713032667
8801715022129
8801713049063
8801819809114
8801711565979
8801711529879
8801199853377
8801710883714
8801730442105
8801711526269
8801716274906
8801720910767
8801711534482
8801818885783
8801711591470
8801873494949
8801712145432
8801711592177
8801819254893
8801552456520
8801713006836
8801675900888
8801819481126
8801817701897
8801785922222
8801987777666
8801713008436
8801672244714
8801715438826
8801713037497
8801672397527
8801911342911
8801765031310
8801711542215
8801711409625
8801715090958
8801711175346
8801713014965
8801713015161
8801711528890
8801794486637
8801711533016
8801711568207
8801619256134
8801713206644
8801711525725
8801715089452
8801718160563
8801711822314
8801718191949
8801715365663
8801628966952
8801711533142
8801616112053
8801711524019
8801747812638
8801755593514
8801712968638
8801713006016
8801744909370
8801714133042
8801613777996
8801977771188
8801715524345
8801713104937
8801819220670
8801711532351
8801711529297
8801711165372
8801781448899
8801712184741
8801712135176
8801957222111
8801713042202
8801716598308
8801713020161
8801675364660
8801911547722
8801730338500
8801711527372
8801711521361
8801711720167
8801711675797
8801711523769
8801678007833
8801933952755
8801911362330
8801716408947
8801612031987
8801813639331
8801711532192
8801713303039
8801917164642
8801812905262
8801711546858
8801711818867
8801711526024
8801819241892
8801711150951
8801714048722
8801819140611
8801720488404
8801819169458
8801711842231
8801715534388
8801711343748
8801711549429
8801740834286
8801819213392
8801766584678
8801819211568
8801711536828
8801819183168
8801716582107
8801798935771
8801713006167
8801712103097
8801729423111
8801711535287
8801713017376
8801716480793
8801730053017
8801713035149
8801707831138
8801819226327
8801711560635
8801789607170
8801711546431
8801713003520
8801748185123
8801713038667
8801714069309
8801711520876
8801711243544
8801711520827
8801819211885
8801711357016
8801819249219
8801715179308
8801715416912
8801755576472
8801705116413
8801713008919
8801711826652
8801713017362
8801819225157
8801715228450
8801711120307
8801713004053
8801715004182
8801727742677
8801715006907
8801817544514
8801819220806
8801713075202
8801711037566
8801711248025
8801716229161
8801711547169
8801711485849
8801713012071
8801711513086
8801715009096
8801715103132
8801711591575
8801715253841
8801678169909
8801726028522
8801711807870
8801717155851
8801793591843
8801919525666
8801711642023
8801819257849
8801713021367
8801718359159
8801775553120
8801678124445
8801713121824
8801720666330
8801553440642
8801730055522
8801817501256
8801711539051
8801843444123
8801997646336
8801703731773
8801793303725
8801713142907
8801727258829
8801742201797
8801711566727
8801713230066
8801711343939
8801747314900
8801710922947
8801711591831
8801714269306
8801819276382
8801711125140
8801711072649
8801511885577
8801711528332
8801726064584
8801715460473
8801711524188
8801713009802
8801712039938
8801726723175
8801911311989
8801713008928
8801814949855
8801746622662
8801711642025
8801819261456
8801711835414
8801742252478
8801711683789
8801715918838
8801711230235
8801726544349
8801713022042
8801715315415
8801819281207
8801726072139
8801822146701
8801819231146
8801765795446
8801711072823
8801730177767
8801711372706
8801675938244
8801731854670
8801552151307
8801714022222
8801819580755
8801711168345
8801711196656
8801712003774
8801711859562
8801711353526
8801718774119
8801711524135
8801923211530
8801713000868
8801819222563
8801711837049
8801715428713
8801552633055
8801812262633
8801713007489
8801711107907
8801711520432
8801919503407
8801611522500
8801715528334
8801711528310
8801819230111
8801711527979
8801814917429
8801711890264
8801817582542
8801712046652
8801819505724
8801711537950
8801819237948
8801713043319
8801711520831
8801711525763
8801779549481
8801611576717
8801715287171
8801711531187
8801911122269
8801819551020
8801711529152
8801713086308
8801715494608
8801777757159
8801789801007
8801711564800
8801768043006
8801716366061
8801754300143
8801713014921
8801713007989
8801915884884
8801721755155
8801700711850
8801405274549
8801755615933
8801711664045
8801817046606
8801911333885
8801711535242
8801717228338
8801819314633
8801819255398
8801711567590
8801819254132
8801711721809
8801712743932
8801915213832
8801797337683
8801973623397
8801720353611
8801713165116
8801711532065
8801711352154
8801740453963
8801819263557
8801713010837
8801713118752
8801811443426
8801721296503
8801779199725
8801730595854
8801944008800
8801711521927
8801819245113
8801715036839
8801933319991
8801711537930
8801715838865
8801720096699
8801713033220
8801753182255
8801711548442
8801819224659
8801711351968
8801713005037
8801676143959
8801819102505
8801709371100
8801714078717
8801714059084
8801711562047
8801711347392
8801912126620
8801712643484
8801711409592
8801915055550
8801715962993
8801714409838
8801991880000
8801922327177
8801733633455
8801850977255
8801789231159
8801711952999
8801711528990
8801819213730
8801914499913
8801711642261
8801713013646
8801711563072
8801711644029
8801819277571
8801711526479
8801711542938
8801716154664
8801730451536
8801711563553
8801711524943
8801711568224
8801711548948
8801784653565
8801819211957
8801817094118
8801713003276
8801726072178
8801711225195
8801712620961
8801819202857
8801711407010
8801711119941
8801711366810
8801812221950
8801711130315
8801712865986
8801711679167
8801766111500
8801915931175
8801712871810
8801771212760
8801819259587
8801713017447
8801672115533
8801711402459
8801841804504
8801713503090
8801713012484
8801911302065
8801819220595
8801730001188
8801712710500
8801712019305
8801817046565
8801711470612
8801911490550
8801712143355
8801711328794
8801711527107
8801711533221
8801711865474
8801712955594
8801199133760
8801778991111
8801711524708
8801711174278
8801727615085
8801975035270
8801711526667
8801720990833
8801845310907
8801972791522
8801711381236
8801936402645
8801738177705
8801911446004
8801713016346
8801819318421
8801819218436
8801778611567
8801756700006
8801756445544
8801715940885
8801711567873
8801711231282
8801720357714
8801715853999
8801817587523
8801711991801
8801713010776
8801820293787
8801713002160
8801933355500
8801752111991
8801713011251
8801711567538
8801711522162
8801819319647
8801732587284
8801715045423
8801715111065
8801711850183
8801711521278
8801717367810
8801556630155
8801713012583
8801713039650
8801711538472
8801712047784
8801984302995
8801710923030
8801819248388
8801711107534
8801765006115
8801977665544
8801713260698
8801715067370
8801719323728
8801752674083
8801711523537
8801711530405
8801617127777
8801726788339
8801711592448
8801817515161
8801919221636
8801712695141
8801711489769
8801715152236
8801715082272
8801711202537
8801711368955
8801711076174
8801711542636
8801819159852
8801714080788
8801819239169
8801923616134
8801819220342
8801670531811
8801712042311
8801711523628
8801711524113
8801709277730
8801861002811
8801973008012
8801742187232
8801711513944
8801716773211
8801703631163
8801711542789
8801820087073
8801703184292
8801787666890
8801719835283
8801711540697
8801911342418
8801819244324
8801819216388
8801819237013
8801711055190
8801711531021
8801712176501
8801819263266
8801713322910
8801715009829
8801711549143
8801765151515
8801720961000
8801726624600
8801716759992
8801715015480
8801817110688
8801741849577
8801720033448
8801715305643
8801713020812
8801718025087
8801767380064
8801715017570
8801788999953
8801715166333
8801715528332
8801713004933
8801728321518
8801710887410
8801760251128
8801715881036
8801819299547
8801707857533
8801700743688
8801757107977
8801711531440
8801786561185
8801713115170
8801715150905
8801711725559
8801733554252
8801979247826
8801919270978
8801711625225
8801779925204
8801715010194
8801717041595
8801671063661
8801713355102
8801711567500
8801711055643
8801711523338
8801745276060
8801755129249
8801707259058
8801797399947
8801714046288
8801707777004
8801711591254
8801713008669
8801730073610
8801712089024
8801715098663
8801711392785
8801713006600
8801825366125
8801711530369
8801711377578
8801713303158
8801819068654
8801711846393
8801726785896
8801775444445
8801910183983
8801725316615
8801713007556
8801819191712
8801713403585
8801750056262
8801701789999
8801711642256
8801819151443
8801713017306
8801749560604
8801711107547
8801732295646
8801711534809
8801826992533
8801711135785
8801711520539
8801712213781
8801748190421
8801720106068
8801712927832
8801715760372
8801715802408
8801919548660
8801711537751
8801672823619
8801713035146
8801670100941
8801818610785
8801715383886
8801720208291
8801707345534
8801712699349
8801711521986
8801885981183
8801712310709
8801911342599
8801715051132
8801772560253
8801712602772
8801972206666
8801720212900
8801716744887
8801770000002
8801819284263
8801713032232
8801720557834
8801711142996
8801711594466
8801713377049
8801714222216
8801711536305
8801711523362
8801816171449
8801677065843
8801771215570
8801819212359
8801631318575
8801819215905
8801711823252
8801712803567
8801711529679
8801777165382
8801930400266
8801713037874
8801819221226
8801819130211
8801926808475
8801819239591
8801711520718
8801797898120
8801819114459
8801921111255
8801707733541
8801711525044
8801819221334
8801715960076
8801716585864
8801910101022
8801709990751
8801712262129
8801714436111
8801711464748
8801715015797
8801713006752
8801711368609
8801711851475
8801711547679
8801713043359
8801953865001
8801799230898
8801713303464
8801715106877
8801911343986
8801713007369
8801913312995
8801711805582
8801911448837
8801715019511
8801711520242
8801711560306
8801711145873
8801770602323
8801713005821
8801713226600
8801911347121
8801711536783
8801882541266
8801715005168
8801923366789
8801752190659
8801728213171
8801711521406
8801929365388
8801715017044
8801711560109
8801711560243
8801711637901
8801766685951
8801711538712