8801612044749
8801713018749
8801715273960
8801819216669
8801718749837
8801675429873
8801921747748
8801916821018
8801922155821
8801779131243
8801730444527
8801716011453
8801712359360
8801799441143
8801842978697
8801715157339
8801619490440
8801819222575
8801713038667
8801711521688
8801719520380
8801714086967
8801819247911
8801711725559
8801756335541
8801711560470
8801975504888
8801720531922
8801712704705
8801731731503
8801199856543
8801711734386
8801984555666
8801611214018
8801782379690
8801732686679
8801919286653
8801711532585
8801715013297
8801819237294
8801819224659
8801731652202
8801819237392
8801819485908
8801711140364
8801819227284
8801711896794
8801911890155
8801715015972
8801819044647
8801711531361
8801819227027
8801710526446
8801819211690
8801911386998
8801711900558
8801713341743
8801670072757
8801726622066
8801715056196
8801558088388
8801751050181
8801715317381
8801911806188
8801912578194
8801718109576
8801711820122
8801851068501
8801924961323
8801774755132
8801979999092
8801977018181
8801726072178
8801755553419
8801913088030
8801688728012
8801680093805
8801818921052
8801711023351
8801710262610
8801712279202
8801711074914
8801819242760
8801711268837
8801713010851
8801713030284
8801714455047
8801816171449
8801720208291
8801711819188
8801675695020
8801815000562
8801678016780
8801763363393
8801716346962
8801715017044
8801819281080
8801819254132
8801730995191
8801711460401
8801717316919
8801715366998
8801711610689
8801913518958
8801715489363
8801819218471
8801717232002
8801712221395
8801711530602
8801711209990
8801711242471
8801819221636
8801711955988
8801711522930
8801819223279
8801711548990
8801711593562
8801711686753
8801715110052
8801711463174
8801919225506
8801730060020
8801711421932
8801713030510
8801713001834
8801716339752
8801715020194
8801811213847
8801911357423
8801711945255
8801817002810
8801720408793
8801732310060
8801816932688
8801711363533
8801711885975
8801715030167
8801713413657
8801720229696
8801716664568
8801711246011
8801711050674
8801746308204
8801711227222
8801715438120
8801766104040
8801977880807
8801815366442
8801728543738
8801712075991
8801717293687
8801727156277
8801912079130
8801715431289
8801783870706
8801755708000
8801818665512
8801731461862
8801927093210
8801766584678
8801921762787
8801937858899
8801815451508
8801712876821
8801712207498
8801717428884
8801977734979
8801711957036
8801711032098
8801711157573
8801619144442
8801722848985
8801754762427
8801715023651
8801941627478
8801713060330
8801712397536
8801716274906
8801711838491
8801819426856
8801737874739
8801715592939
8801946135161
8801712762304
8801748168585
8801819245126
8801725418203
8801711627086
8801711372496
8801721813163
8801711409592
8801748986106
8801970041063
8801971160593
8801772029345
8801719650885
8801678081951
8801678712129
8801977911166
8801818375205
8801813195848
8801718962713
8801673664476
8801714222216
8801829692011
8801711177755
8801819274160
8801720046209
8801914071329
8801918844800
8801818978779
8801678021391
8801724095138
8801910512320
8801815766309
8801783444442
8801712290832
8801719642448
8801847029189
8801774755131
8801755058641
8801813611495
8801711385907
8801836320790
8801783904621
8801718234113
8801822498135
8801712635197
8801725097285
8801672220582
8801624825459
8801619377037
8801706417515
8801713194826
8801913389573
8801924666690
8801553549100
8801910706205
8801711059829
8801672547177
8801707150543
8801705442828
8801738048007
8801724972874
8801722027313
8801716058148
8801713201769
8801915360364
8801727525599
8801758757000
8801715244537
8801710822933
8801813336164
8801818339965
8801978598117
8801915964986
8801777777788
8801722434869
8801939300273
8801841772299
8801712726276
8801837996699
8801731552744
8801727820588
8801713001482
8801681225772
8801688100399
8801911353082
8801678714632
8801817025145
8801717060100
8801817080947
8801912240917
8801712857527
8801627566176
8801683073200
8801798594735
8801779292777
8801727995124
8801791660990
8801783873529
8801755003000
8801711001882
8801711323925
8801678616067
8801711589294
8801953380223
8801714638247
8801819408854
8801675171451
8801787662513
8801916266505
8801711851106
8801815588740
8801752812424
8801711146343
8801730897770
8801759710574
8801713012017
8801715019588
8801917170509
8801842407900
8801732309502
8801731318880
8801711160278
8801712513542
8801710087953
8801875610854
8801727288480
8801739650624
8801819954899
8801711544193
8801712461738
8801819233433
8801818691415
8801714258825
8801711363041
8801817673520
8801713018859
8801711173578
8801783339000
8801740302565
8801711952148
8801924760407
8801711560635
8801813882997
8801733811225
8801819245933
8801811947684
8801715031403
8801727292440
8801680919797
8801671442090
8801713297766
8801711381901
8801917245838
8801731120162
8801726640550
8801718871853
8801712510726
8801711560339
8801734306092
8801914151680
8801780012261
8801924032953
8801924498977
8801818926935
8801713006836
8801711446301
8801924336226
8801716811836
8801799928363
8801755505580
8801711953948
8801672220341
8801616628777
8801912121953
8801703184292
8801928999444
8801718530230
8801719354714
8801713031709
8801715762630
8801710958848
8801743278363
8801937173208
8801781667210
8801715092247
8801815488605
8801711392785
8801735026144
8801739400276
8801712864411
8801711540689
8801782026882
8801979228801
8801799002244