8801711520909
8801819255043
8801711547434
8801711303053
8801714086827
8801819238723
8801713017404
8801711528233
8801711609860
8801714070213
8801711540246
8801711720401
8801711522574
8801819242124
8801911355546
8801711822207
8801701660713
8801769969810
8801819295834
8801819210123
8801730496412
8801714047636
8801848366671
8801848366665
8801711545600
8801753167715
8801711521080
8801711567589
8801624741310
8801713746256
8801711535399
8801713409101
8801746700515
8801787383300
8801711529666
8801911327352
8801713040242
8801711535065
8801911350594
8801711043435
8801708458005
8801793557825
8801989000222
8801711529545
8801711956632
8801713030906
8801712834666
8801819211639
8801726135081
8801714110041
8801819220589
8801711544831
8801779592620
8801712526127
8801711541813
8801713032449
8801711520852
8801711525379
8801616112053
8801865065074
8801747687868
8801819277846
8801817566007
8801745154675
8801552403627
8801713036427
8801912244120
8801611541780
8801715082582
8801776762272
8801725488755
8801951133337
8801715086951
8801715254995
8801713049100
8801991140213
8801711675551
8801819250629
8801819615052
8801685509657
8801765190000
8801966111111
8801711671506
8801715153457
8801712789954
8801742412700
8801715007134
8801742383381
8801711314881
8801711181398
8801711526376
8801714011799
8801912959256
8801913229025
8801711956574
8801711533407
8801911594989
8801711842221
8801713061073
8801716066962
8801711806902
8801741095924
8801722818663
8801935264838
8801712694600
8801711981705
8801839643684
8801719629620
8801749016606
8801710035758
8801712342914
8801713909377
8801717010393
8801712699492
8801711029346
8801625821484
8801711183751
8801711330807
8801711965454
8801712701570
8801713580182
8801816081048
8801713539434
8801718353286
8801716443592
8801713586674
8801711186800
8801711485479
8801720034362
8801758000888
8801716905693
8801914397728
8801713020802
8801710065392
8801711230479
8801718584904
8801724686128
8801717239669
8801713598352
8801711278599
8801719311268
8801717563260
8801711004312
8801716065217
8801715015183
8801711660980
8801711625231
8801711177579
8801711264674
8801712234161
8801711707745
8801711355637
8801711612256
8801740820059
8801711434690
8801711077623
8801718877205
8801755343334
8801713822533
8801713141595
8801730448610
8801718788504
8801721541268
8801718971353
8801718031170
8801716188824
8801717866491
8801718083282
8801720335735
8801718971183
8801712120940
8801712289805
8801712235691
8801743465465
8801712657649
8801715139344
8801944781555
8801713771902
8801937363300
8801713771902
8801710918569
8801714050625
8801714089575
8801726864817
8801733272270
8801713762327
8801711192996
8801711981880
8801718677851
8801712678637
8801768543800
8801757980948
8801713706696
8801717983255
8801712166411
8801798650001
8801722374602
8801715004353
8801733183661
8801733126713
8801719824200
8801713702348
8801729389520
8801713723449
8801719614300
8801742679604
8801761734367
8801729970075
8801710000463
8801792188999
8801743866700
8801716797340
8801719550933
8801716100159
8801712404943
8801711411918
8801740565400
8801716076691
8801715508342
8801716010124
8801722375551
8801712512023
8801711013843
8801726433291
8801743931488
8801712633748
8801716732230
8801718625223
8801724243513
8801738940738
8801754612176
8801733183006
8801711895456
8801712622877
8801711839563
8801718633140
8801741932793
8801768938626
8801711190885
8801711188515
8801711005801
8801713288488
8801711342777
8801733351688
8801711183627
8801708436504
8801711993130
8801711347147
8801715635558
8801848344501
8801712433030
8801713212141
8801713034012
8801717550816
8801748754666
8801720259539
8801722137506
8801704004680
8801716081218
8801711120435
8801845960691
8801944571500
8801714384841
8801715085599
8801711147315
8801711037418
8801711685634
8801717111773
8801746792909
8801795141616
8801712607006
8801719946668
8801716618661
8801713864840
8801710380287
8801712021929
8801712539106
8801711077790
8801712519566
8801713794307
8801838382525
8801818356269
8801813869642
8801711947615
8801819101826
8801833216677
8801711668889
8801712186682
8801711115437
8801819076242
8801816279660
8801822744855
8801819181018
8801712735080
8801732893574
8801714063064
8801842124843
8801711369950
8801792628300
8801711347779
8801711237363
8801711105583
8801710821044
8801712532960
8801738027455
8801711805375
8801716601091
8801673610481
8801715613784
8801716426357
8801719730620
8801716209355
8801712922153
8801716204477
8801761637480
8801911539373
8801923577652
8801713918283
8801738583463
8801711295460
8801711428583
8801718551893
8801712064864
8801914750031
8801716803488
8801716252502
8801711964943
8801711840710
8801711297554
8801711297595
8801713423050
8801711143470
8801736560060
8801711973020
8801714083796
8801917670227
8801711190817
8801711594381
8801712529867
8801716495566
8801711297573
8801944784478
8801712400380
8801711345679
8801730209085
8801751941002
8801711812232
8801716446689
8801716703832
8801823722220
8801714113114
8801918222628
8801924189230
8801711324104
8801927365591
8801754204087
8801717220277
8801711942606
8801791425555
8801711380425
8801711109417
8801856265333
8801717416161
8801716154830
8801720457699
8801918210597
8801748955788
8801785512441
8801718626569
8801775760011
8801711984310
8801715169340
8801716711885
8801762605560
8801767426219
8801711016870
8801711411129
8801711939741
8801715272279
8801723551933
8801711451825
8801711969785
8801711416096
8801761505706
8801733176226
8801720930856
8801711937044
8801785293029
8801718788598
8801712072881
8801775444342
8801737020027
8801711310911
8801731752858
8801941757576
8801711828142
8801715713267
8801716149992
8801913264245
8801728389786
8801725818841
8801710119398
8801711236972
8801923399356
8801718551004
8801718778841
8801715072300
8801718847059
8801725228677
8801712311181
8801715144877
8801715350752
8801721369428
8801712093906
8801714662131
8801782962633
8801739318161
8801716950050
8801712952546
8801722986558
8801725228677
8801715368022
8801716218292
8801719262822
8801914525513
8801721805448
8801716862769
8801719502247
8801721763544
8801942204076
8801915633698
8801736427197
8801937743520
8801748912404
8801759565073
8801716261020
8801719059448
8801716950056
8801713919495
8801716843772
8801719768176
8801711542159
8801736126650
8801736461699
8801710619037
8801747329588
8801721758753
8801726259869
8801729468564
8801716669776
8801752575083
8801789870415
8801711355962
8801711841858
8801716310235
8801712528993
8801716698817
8801711192441
8801763216973
8801725351753
8801712030335
8801722309252
8801715568696
8801755112336
8801716082244
8801716851638
8801711276703
8801976334466
8801716310326
8801712538029
8801711806856
8801760467477
8801714780071
8801715251963
8801717994554
8801718973144
8801737404794
8801716187776
8801775903030
8801710369931
8801980125656
8801712768206
8801714807352
8801715143227
8801721583191
8801914072131
8801712156281
8801716523468
8801711841870
8801748959858
8801711251171
8801722559626
8801724002979
8801711444641
8801781792233
8801735377639
8801749192322
8801724706966
8801761854248
8801718503199
8801734476436
8801732778344
8801772019623
8801711351867
8801788718261
8801716843691
8801726259011
8801785779602
8801735767048
8801727974463
8801743617724
8801718773110
8801718624415
8801712711386
8801715297536
8801723060124
8801716261173
8801714425560
8801710356663
8801728291055
8801715603044
8801717811102
8801755118081
8801731238741
8801716386415
8801751382892
8801787537378
8801750755653
8801711461562
8801720506464
8801751815128
8801716411397
8801711302274
8801714987211
8801711346498
8801721771717
8801717945361
8801711668968
8801721774180
8801786358055
8801711415604
8801911934586
8801721394171
8801719403564
8801752324401
8801913068242
8801711359480
8801789652225
8801721632030
8801768578705
8801711460387
8801721513566
8801718708055
8801711111839
8801711359434
8801712602395
8801711818147
8801711484006
8801718835412
8801767169180
8801719021829
8801712387188
8801711479044
8801723590718
8801716797974
8801770399501
8801820536785
8801738251685
8801704300327
8801740584082
8801712128332
8801717242910
8801718038025
8801718198568
8801717729781
8801729750805
8801735128067
8801710718561
8801716795781
8801712809903
8801714557912
8801711209411
8801719666364
8801716723181
8801710381635
8801715166786
8801711308894
8801711193568
8801718237543
8801711457807
8801712145839
8801712154657
8801716123688
8801728257961
8801818885406
8801716352923
8801714730772
8801719917168
8801712232992
8801712228655
8801716297612
8801711668698
8801716434690
8801736412956
8801712462062
8801821111113
8801711473842
8801712810716
8801711826861
8801711320917
8801711899226
8801942217790
8801776611154
8801711109217
8801711279439
8801711295852
8801730305071
8801934264600
8801818667356
8801712212607
8801711994205
8801711946109
8801716035774
8801675422035
8801611309505
8801711937200
8801715434027
8801720457528
8801734360871
8801789177748
8801721213066
8801711217077
8801711342226
8801716156250
8801711227702
8801755529900
8801704531838
8801716921873
8801717116576
8801729361128
8801712039386
8801973792122
8801715071717
8801726260060
8801733472331
8801713959091
8801713908023
8801719777708
8801713907909
8801720518982
8801770027321
8801714476538
8801753717333
8801711212229
8801733981466
8801611039464
8801915114141
8801719921952
8801710231580
8801718611146
8801719136814
8801615171915
8801922872024
8801716716271
8801734228642
8801728991715
8801789555444
8801717238012
8801715328069
8801911402926
8801985003325
8801752043958
8801717665273
8801717087391
8801736085824
8801915614904
8801712744516
8801934515530
8801790634306
8801735827847
8801716854964
8801985527995
8801764422915
8801791130845
8801757281319
8801793303911
8801712253698
8801721729178
8801921006787
8801711210634
8801716241225
8801925316731
8801981010892
8801740587050
8801718692631
8801914414949
8801914489070
8801717195996
8801715855544
8801712514685
8801725076970
8801922147402
8801914466632
8801714694222
8801724029008
8801717125486
8801759919257
8801712807962
8801711402808
8801727264203
8801712200116
8801833919881
8801713375281
8801718532777
8801718077891
8801713039363
8801670863973
8801613517313
8801715159016
8801817510403
8801817101083
8801732767705
8801848384567
8801914760976
8801718014914
8801711453351
8801816753781
8801954387888
8801943484101
8801715156779
8801715016577
8801715866950
8801911395910
8801711033900
8801795502401
8801713015918
8801819471477
8801619117875
8801732516161
8801715011488
8801713375293
8801711661871
8801818661203
8801818021650
8801914012703
8801675329327
8801819110008
8801911373427
8801747233644
8801913256162
8801856445103
8801911489750
8801727266919
8801711241446
8801916589789
8801716559922
8801819242485
8801715011857
8801711402327
8801818245524
8801712692155
8801833033027
8801753338101
8801712934724
8801712281146
8801864701152
8801819933535
8801711964197
8801846350320
8801712274372
8801813272822
8801855966230
8801811143943
8801818056327
8801670325695
8801819418202
8801715110026
8801716859082
8801710203435
8801720044473
8801744400075
8801717823460
8801711749080
8801711586978
8801711351778
8801712506503
8801715722343
8801751541710
8801711787125
8801933042920
8801714490744
8801711079339
8801711572231
8801718093922
8801740963494
8801711956877
8801712026186
8801710366312
8801818291705
8801930177633
8801711952680
8801712108697
8801819421843
8801819163888
8801684640692
8801920776007
8801811929125
8801711111086
8801772742742
8801720075495
8801711225607
8801716821336
8801923321122
8801734568874
8801715013280
8801716760282
8801711314773
8801711284146
8801711894853
8801711365025
8801712563418
8801855931535
8801733260100
8801711137004
8801713725677
8801716625515
8801711703210
8801717736318
8801711142106
8801730907670
8801714473805
8801711269230
8801703898784
8801723342849
8801761556307
8801711947754
8801724781833
8801729191255
8801714865830
8801734532822
8801729815097
8801711416962
8801719362825
8801718937713
8801718788750
8801721206020
8801717936842
8801716101624
8801920060652
8801711397243
8801739581324
8801722201928
8801719131559
8801911949973
8801717592342
8801713788521
8801713026145
8801724546357
8801676296329
8801711405018
8801715116397
8801715616200
8801819434289
8801716561122
8801755599470
8801711880361
8801723906421
8801713713950
8801717476849
8801705988860
8801713777201
8801716457417
8801796662443
8801713766368
8801712029222