8801713332651
8801908886918
8801995516898
8801711988935
8801799224411
8801775666262
8801764244343
8801844172222
8801714118591
8801937575577
8801819221144
8801713692424
8801782170408
8801767804263
8801767727160
8801828777755
8801626870777
8801719928706
8801855927676
8801971711616
8801849521231
8801729976447
8801911967887
8801712844088
8801906333666
8801627312611
8801979316428
8801618377223
8801719345399
8801672263119
8801767121840
8801622758167
8801976699220
8801616090789
8801847290010
8801798257591
8801789897111
8801784448899
8801788980809
8801964990397
8801874050403
8801875351140
8801980535362
8801701059923
8801977738900
8801971645555
8801926436892
8801711811800
8801734714197
8801713288644
8801787872204
8801847258746
8801822999996
8801771120840
8801763997097
8801962555111
8801713997523
8801978997070
8801716622554
8801816148128
8801921802477
8801646361619
8801787680887
8801617736847
8801719045304
8801776234517
8801985573206
8801794300166
8801634176688
8801611158696
8801926698060
8801971641111
8801821919971
8801752310910
8801679175420
8801729208227
8801993024694
8801763535952
8801841515289
8801626669996
8801919988151
8801707000333
8801940383710
8801817526094
8801732278989
8801308626882
8801914011686
8801727114606
8801821919971
8801870832155
8801983555999
8801977523565
8801978811918
8801776234517
8801829021796
8801621005005
8801611266188
8801755636266
8801791719631
8801711370013
8801926698086
8801918062343
8801726177835
8801724800852
8801861690822
8801786487236
8801758804458
8801733023371
8801709990888
8801848350445
8801701885757
8801771666338
8801846696714
8801707081432
8801730315706
8801775666262
8801751220221
8801838555559
8801847258746
8801726010103
8801708520514
8801793929230
8801885531245
8801621000011
8801840538151
8801992043927
8801733661850
8801796632672
8801784436743
8801715512094
8801937564720
8801976785826
8801675244648
8801752414103
8801836525253
8801620118575
8801974855677
8801787664538
8801623500300
8801615248190
8801836525253
8801798492130
8801843954285
8801828436763
8801915433222
8801781735721
8801799337711
8801311505523
8801762481717
8801755990656
8801711164856
8801878680152
8801617101030
8801912527505
8801712735920
8801708520514
8801619000123
8801712735920
8801712844088
8801927243113
8801764214951
8801966660054
8801966660069
8801966660053
8801966660073
8801784436743
8801618377223
880175424455
8801613161616
8801919174992
8801789531818
8801811487705
8801979316428
8801919196160
8801628645214
8801762543788
8801764214951
8801715954262
8801932889988
881711402228