8801711481017
8801711173434
8801866989866
8801713009017
8801713005306
8801973005306
8801611371938
8801711371938
8801713034454
8801817505745
8801678110000
8801915678568
8801913464084
8801711520605
8801711321143
8801711425221
8801711556000
8801611556000
8801922138749
8801748711727
8801673911850
8801711969291
8801711861022
8801819221636
8801713067769
8801979222840
8801747998208
8801798613070
8801936002700
8801713249350
8801729094498
8801798847806
8801712030421
8801715015140
8801814222292
8801713006836
8801819362734
8801819381121
8801819288583
8801833332853
8801720512442
8801970037751
8801975522561
8801711951599
8801713902499
8801817696418
8801716335962
8801819211690
8801819248621
8801819248622
8801613637623
8801713032232
8801711524334
8801842524334
8801730015960
8801716620972
8801552373659
8801819318345
8801924737637
8801715785791
8801713399001
8801715492680
8801738114828
8801552483800
8801716224082
8801911342789
8801912064104
8801611342789
8801715696797
8801556332553
8801616003130
8801616003131
8801711446301
8801973084168
8801610161016
8801715105189
8801711534691
8801837540644
8801730042500
8801676000011
8801914099700
8801713190007
8801811334455
8801811443448
8801613112255
8801713112255
8801711507514
8801713114828
8801715390208
8801729879607
8801744629429
8801977120113
8801977517577
8801714225555
8801745990279
8801860311166
8801711153520
8801713047442
8801938802080
8801714164490
8801710002098
8801819200559
8801717147890
8801715769769
8801717235561
8801711526944
8801711597010
8801711209990
8801731804751
8801715772824
8801714395195
8801716058452
8801819229309
8801712502283
8801740900667
8801817094118
8801711540873
8801731732270
8801712299300
8801713002427
8801713014842
8801711598979
8801713000817
8801747685094
8801977008555
8801711328292
8801715207105
8801720532059
8801678067027
8801726755587
8801716011453
8801196042600
8801712125379
8801713332887
8801727242710
8801819237392
8801762554444
8801765528731
8801716415161
8801711534855
8801819466720
8801713063877
8801708009197
8801973238631
8801711046907
8801711342387
8801611482767
8801715158615
8801799611607
8801731928553
8801911868630
8801711328424
8801714020711
8801713018564
8801917706559
8801755577841
8801711957036
8801819046784
8801610997700
8801970007814
8801680252296
8801819272007
8801992770180
8801933888888
8801714444330
8801713481828
8801922791751
8801787793450
8801712807190
8801713032692
8801781181908
8801818284299
8801821615304
8801981808080
8801776061075
8801713121794
8801613646793
8801743907353
8801713221593
8801711872101
8801931208464
8801705486321
8801713160963
8801729288888
8801711146844
8801720937951
8801730450099
8801711309088
8801815844910
8801819319882
8801911310930
8801738994444
8801713452718
8801711833943
8801911340275
8801777750957
8801977309088
8801936587538
8801711202046
8801822822711
8801711823312
8801613561073
8801716499258
8801942666222
8801611464046
8801711171673
8801552341867
8801711529251
8801711920774
8801711789837
8801819398000
8801731533733
8801818784897
8801511447322
8801712020020
8801938888173
8801712207498
8801720118693
8801616222002
8801820227227
8801614044407
8801777750900
8801712620961
8801819286905
8801713015944
8801766194515
8801617345345
8801720279719
8801678173842
8801619815253
8801713489242
8801720242942
8801796523513
8801755593423
8801711546765
8801720800500
8801711816807
8801718565799
8801712770555
8801713454444
8801681283097
8801711597000
8801795827700
8801819206111
8801793692680
8801712114009
8801938849440
8801714102699
8801911385828
8801713375641
8801676228866
8801713008944
8801714138170
8801819834177
8801715006248
8801711302334
8801714103767
8801711560191
8801811458401
8801713038667
8801711322244
8801818494749
8801819411241
8801711243544
8801711330729
8801755557925
8801711524098
8801815672855
8801713009696
8801712636465
8801199146666
8801715428713
8801944455566
8801711667783
8801911380989
8801617293949
8801730730730
8801726326363
8801713488860
8801971317336
8801819222595
8801819411351
8801719219149
8801711513086
8801711461835
8801711355577
8801711108699
8801747432929
8801712715912
8801718040583
8801718084777
8801819220110
8801973055277
8801713005656
8801920598744
8801771144414
8801717316919
8801973503090
8801511992525
8801731749522
8801748328424
8801711527541
8801711544871
8801711014850
8801713082093
8801718523295
8801729097849
8801819296674
8801911110164
8801730703495
8801711576316
8801730703460
8801711560470
8801816861404
8801711194103
8801708515587
8801712874058
8801819018494
8801711542951
8801712088288
8801911380817
8801712719494
8801793574632
8801746565440
8801766430237
8801972166988
8801741009990
8801779123456
8801711532523
8801937111444
8801713005821
8801911343003
8801730043601
8801954476064
8801919298000
8801711270005
8801670777333
8801823004488
8801715015029
8801731359399
8801742924769
8801811458145
8801711544185
8801711647979
8801711164926
8801933339513
8801770887733
8801711992017
8801731421495
8801712292871
8801819249495
8801714446190
8801817018080
8801711841276
8801914750744
8801716244790
8801819224593
8801730088000
8801819237985
8801714075718
8801711319774
8801712200754
8801747934560
8801731714826
8801676339596
8801834042080
8801966667654
8801759939393
8801706662296
8801711534990
8801711615560
8801911059123
8801728440767
8801712100337
8801979877204
8801711449963
8801712518063
8801711217966
8801676801401
8801768737214
8801711524331
8801611524331
8801733338111
8801733338114
8801711532828
8801750922184
8801819218158
8801819405000
8801713452139
8801711693788
8801716431210
8801714814050
8801715879117
8801199224417
8801819466059
8801713011717
8801672347749
8801711166561
8801715576695
8801713037452
8801554311052
8801714094175
8801926694560
8801711666109
8801713441400
8801711507359
8801711549380
8801777688661
8801713123350
8801713026376
8801713459957
8801726252447
8801715131464
8801715023591
8801713113388
8801711639282
8801711995252
8801718386543
8801910000909
8801710836616
8801713033876
8801714035100
8801799200500
8801919252001
8801713117699
8801848303961
8801766622277
8801711286364
8801715669550
8801787662513
8801713032794
8801819159852
8801711232120
8801711978577
8801871513884
8801796120694
8801711549143
8801717017957
8801919525666
8801713044922
8801730189866
8801787657671
8801966661991
8801757107977
8801711369702
8801711970759
8801714101067
8801755605316
8801721858831
8801711078740
8801914855150
8801683073200
8801711708614
8801678111131
8801671063661
8801843828573
8801731318880
8801631442787
8801711524265
8801199853325
8801713034877
8801713031754
8801713067848
8801815437089
8801730055680
8801819225881
8801190394501
8801720042007
8801711686464
8801713090008
8801711520080
8801733331045
8801713063387
8801713066070
8801819255425
8801713005358
8801750031670
8801711521239
8801715086868
8801742474381
8801922424345
8801713007059
8801713043784
8801711626262
8801741679967
8801712171133
8801712614679
8801716494950
8801833879495
8801819274817
8801718185877
8801943115734
8801713272618
8801774545757
8801712867376
8801711595569
8801977771159
8801817001730
8801712065633
8801811480826
8801673745550
8801715066117
8801613333555
8801711906934
8801839959655
8801755598401
8801716180170
8801876005689
8801708527870
8801973623396
8801610997722
8801755655325
8801711450462
8801736252240
8801730799977
8801712773361
8801676008884
8801911317000
8801833333336
8801755575234
8801712427432
8801616663306
8801919302951
8801757304101
8801722002871
8801712060209
8801971520758
8801712969096
8801841753875
8801819342111
8801715089855
8801727259997
8801755604070
8801840748147
8801672710556
8801711532585
8801733677220
8801627737741
8801716189288
8801755513808
8801711860589
8801712639555
8801975353534