8801711677130
8801715105155
8801715049085
8801711549700
8801715022687
8801712759442
8801940869036
8801716293538
8801677551177
8801738246402
8801711856025
8801913464295
8801711524334
8801711354783
8801711303013
8888027342813
8801911353082
8801726723175
8801711054133
8801715877018
8801711709211
8801612756162
8801711175333
8801711109879
8801711127103
8801714462786
8801678701119
8801199859290
8801711951599
8801714072887
8801757333333
8801811999030
8801718290877
8801611486219
8801712190895
8801711367837
8801713034454
8801720021671
8801715862807
8801920762555
8801732770020
8801713041131
8801836320790
8801714073678
8801688598241
8801715076120
8801977773742
8801715512343
8801713002828
8801716512204
8801715266936
8801755599482
8801747998208
8801715076931
8801715766027
8801711531772
8801718096307
8801819135716
8801552802077
8801715021648
8801713063979
8801711645734
8801683958300
8801912355807
8801729094498
8801819133757
8801711536305
8801911449360
8801713002330
8801711592633
8801716300166
8801708520812
8801833109778
8801713001915
8801819243976
8801711234861
8801711931191
8801970037751
8801722276452
8801711731040
8801713639241
8801864092677
8801759198305
8801977744451
8801711157573
8801711053989
8801727156277
8801678110000
8801747975457
8801726624040
8801711629211
8801711537702
8801713030595
8801715624534
8801916570451
8801727530862
8801619760065
8801819254959
8801791756091
8801717254450
8801711533036
8801711660350
8801710666330
8801711531964
8801619231884
8801711125252
8801713117784
8801755593514
8801822029181
8801611100222
8801712169960
8801716302237
8801711560808
8801979867418
8801611980949
8801711546850
8801731120626
8801713011184
8801745990279
8801712292862
8801715810937
8801715155187
8801713304636
8801726968938
8801711979341
8801715512157
8801711533069
8801711368599
8801711520710
8801711153520
8801716281047
8801819490141
8801711431072
8801711689694
8801817519267
8801714208574
8801711544305
8801711862660
8801815451448
8801711048079
8801711826652
8801819254552
8801975691899
8801711522162
8801713111736
8801727216016
8801711372496
8801762696024
8801715035683
8801716245391
8801710955970
8801711563563
8801911358892
8801851522194
8801787090795
8801972925496
8801713006600
8801819212701
8801822033077
8801711560056
8801199806786
8801923265253
8801819230543
8801779199725
8801711456215
8801711522083
8801855333921
8801713006752
8801719354714
8801952902624
8801733655778
8801718066573
8801675264678
8801911389186
8801673203421
8801816064493
8801819318316
8801713008436
8801716050467
8801676598768
8801729797296
8801831315102
8801676809015
8801819408854
8801972795287
8801812885885
8801979221144
8801730194565
8801740400129
8801811334455
8801913133387
8801731471267
8801711537859
8801711671095
8801713085971
8801713177214
8801713038083
8801711627086
8801811886555
8801769058053
8801714326067
8801880161055
8801711704385
8801614266666
8801726039325
8801819216571
8801720557834
8801674990011
8801673998349
8801718234113
8801711598979
8801817004255
8801713013734
8801715242649
8801819134187
8801720507312
8801714366572
8801611288872
8801926177306
8801819228072
8801715547240
8801716892348
8801715069146
8801755505580
8801915476600
8801730181146
8801711591470
8801718425042
8801713030284
8801711176170
8801716752044
8801712212545
8801814361286
8801817593626
8801710300648
8801819200212
8801716667111
8801771103112
8801714004444
8801713105760
8801711529219
8801724482827
8801812906900
8801977225858
8801711525353
8801716284590
8801715933123
8801712957045
8801711725559
8801755226688
8801750000305
8801713008704
8801747685094
8801819216081
8801552111111
8801726027537
8801712208865
8801713002427
8801778202434
8801711563249
8801711479155
8801741257503
8801711159676
8801853330606
8801727557777
8801711534855
8801711227440
8801919194218
8801819493919
8801716415161
8801713464577
8801795073801
8801711546858
8801714202020
8801711534664
8801828959455
8801911342788
8801819213104
8801710310700
8801715090823
8801712131626
8801716492147
8801715024014
8801911367207
8801713001086
8801711520428
8801712039914
8801917079066
8801736810103
8801918375945
8801850500571
8801715187737
8801830148397
8801911348534
8801715972411
8801713063877
8801911565791
8801616161733
8801711521361
8801711627140
8801745044876
8801730333286
8801711530148
8801715158615
8801716751612
8801747669850
8801719828070
8801715302356
8801819141456
8801847005800
8801817589986
8801713066256
8801959506205
8801714321870
8801937178758
8801713002087
8801819244324
8801819480666
8801911380940
8801819272007
8801711520893
8801716205199
8801911457376
8801712485868
8801199841234
8801615353267
8801970007820
8801919254491
8801973766766
8801727593782
8801713082094
8801715061517
8801819666432
8801914208260
8801711851611
8801711446565
8801713012234
8801711851106
8801772689352
8801749147585
8801819151619
8801715814338
8801716226916
8801743428548
8801712914640
8801815582871
8801736840926
8801755593859
8801711567590
8801715255785
8801711433086
8801712223862
8801714498035
8801819194934
8801977535399
8801712275191
8801819020747
8801970167789
8801716222384
8801711818244
8801712206892
8801711266870
8801716222602
8801711549143
8801756578888
8801715563940
8801787000010
8801711109453
8801814948175
8801793399802
8801819220110
8801819214738
8801911384554
8801777641238
8801741775127
8801711544484
8801711810078
8801713039650
8801726473539
8801915054524
8801882451138
8801715054738
8801711565749
8801711376560
8801710730307
8801711934908
8801726317722
8801715411010
8801715300952
8801754544993
8801819239591
8801818005808
8801713017649
8801776400523
8801681952472
8801711859618
8801712269841
8801717660818
8801715622439
8801711513086
8801712255726
8801711549758
8801726072178
8801552312247
8801911989627
8801919270978
8801826509900
8801711563292
8801911805615
8801758290355
8801717786731
8801819485908
8801715579943
8801611888222
8801720409293
8801713022899
8801770821662
8801711230282
8801712009512
8801715012154
8801766684184
8801616001177
8801730441861
8801711053737
8801713017017
8801956777777
8801726063862
8801930424242
8801711954552
8801616333555
8801765024411
8801712856505
8801742600830
8801788995511
8801714017676
8801711448723
8801819202074
8801718130500
8801711165810
8801711596320
8801713064040
8801711732248
8801812475630
8801711023351
8801711128748
8801710262610
8801711074914
8801713043765
8801819242760
8801711268837
8801720208291
8801711819188
8801716721831
8801711828850
8801715023651
8801819214195
8801711639282
8801936002700
8801676000011
8801713387522
8801911521131
8801611111105
8801913308844
8801924440542
8801705340626
8801671187112
8801715050913
8801713314852
8801840059555
8801819501651
8801763363394
8801911958619
8801716346962
8801712055051
8801838880084
8801681856007
8801715017044
8801868100967
8801711157795
8801819281080
8801777758744
8801711787898
8801819254132
8801730995191
8801713113733
8801729092600
8801711460401
8801711188780
8801717316919
8801711610689
8801720512442
8801715366998
8801819211690
8801715489363
8801819218471
8801711352296
8801711816399
8801730461381
8801712158888
8801716372880
8801552480757
8801712221395
8801711439072
8801711530602
8801833332850
8801711209990
8801729211702
8801833332853
8801817060621
8801715933121
8801767111111
8801757697503
8801977242471
8801819221636
8801711955988
8801711536342
8801764613742
8801819136458
8801711522930
8801711545120
8801842434343
8801711548990
8801711593562
8801711436788
8801713036867
8801716861899
8801715110052
8801711463174
8801819237948
8801819203318
8801713303158
8801706314087
8801819222213
8801819238607
8801711882039
8801730060020
8801762680000
8801711829073
8801738023777
8801720285525
8801911272499
8801713037497
8801819255398
8801713001834
8801716620972
8801716339752
8801715020194
8801811213847
8801977180115
8801911357423
8801711945255
8801711885975
8801711400644
8801715030167
8801715665563
8801711246011
8801625197535
8801841113361
8801199874084
8801911346715
8801711050674
8801911520635
8801819214983
8801766155058
8801714446867
8801711284435
8801713064642
8801720471174
8801819202221
8801713032232
8801819006913
8801716537772
8801819232260
8801755534399
8801703066856
8801199850713
8801713206556
8801911430428
8801716212901
8801766447756
8801711838766
8801979387082
8801714088331
8801713118389
8801711591296
8801733941655
8801673911850
8801713033337
8801712100966
8801819869592
8801713060640
8801716802029
8801727207893
8801711188796
8801819237364
8801670388302
8801717178745
8801977974562
8801912240917
8801675429873
8801819286653
8801711049870
8801856997274
8801848096261
8801719958285
8801714237387
8801767788537
8801711853836
8801973623396
8801715058412
8801714536440
8801712566772
8801711037315
8801711379512
8801817017652
8801711969291
8801742547919
8801713768996
8801712380393
8801711198849
8801552346998
8801924716799
8801819153812
8801199852351
8801710370851
8801713715618
8801726427127
8801716045643
8801741235168
8801713952602
8801711547169
8801781351170
8801790000119
8801714095999
8801819248622
8801717151464
8801199895919
8801715067508
8801732580556
8801711423304
8801716420597
8801817587523
8801819295055
8801711540636
8801711523657
8801710822933
8801973026376
8801926771302
8801711316178
8801712093560
8801971002003
8801911428980
8801711816289
8801722848985
8801717205249
8801711592650
8801814085188
8801819206995
8801757830471
8801713213690
8801715457938
8801711958534
8801713724556
8801818994522
8801712006968
8801711416025
8801711976043
8801713006836
8801718197385
8801678170325
8801711566605
8801819109740
8801819495992
8801715015140
8801711844952
8801717314412
8801712044362
8801712162800
8801711337972
8801711595587
8801727613370
8801819398941
8801777758720
8801711071070
8801975005134
8801813173146
8801797504626
8801711946606
8801552432247
8801817512111
8801977553388
8801711366810
8801819212173
8801718778238
8801819421480
8801712074027
8801716170588
8801712937096
8801715004182
8801678229900
8801713075202
8801718040583
8801741288020
8801743929606
8801743771922
8801740933582
8801864068748
8801822822415
8801920021190
8801712830884
8801915556555
8801713933957
8801715961927
8801711381901
8801819240388
8801712065757
8801713123350
8801711565943
8801912124046
8801711560724
8801921399578
8801715157339
8801712582585
8801719988587
8801911950284
8801978131733
8801675759645
8801732310060
8801672673913
8801710250783
8801733787952
8801712007008
8801755510470
8801712029547
8801937056482
8801737874739
8801711535242
8801611535242
8801715075153
8801815053749
8801819212004
8801715009096
8801552314090
8801720353458
8801707096119
8801716838303
8801971317336
8801942255907
8801715045540
8801975045545
8801730100376
8801772412816
8801939896901
8801756833696
8801918709608
8801824029289
8801713008918
8801711523135
8801815575534
8801975575534
8801712093774
8801612093774
8801916604487
8801837524998
8801789053850
8801819665857
8801819277185
8801740991459
8801678031809
8801711145279
8801715200651
8801819211094
8801678169909
8801199013901
8801813717327
8801680591120
8801753989709
8801611535371
8801711949173
8801713009696
8801819184674
8801770044338
8801819274160
8801765024090
8801933555333
8801711933877
8801915229239
8801711303436
8801552355136
8801715094859
8801715060540
8801711563252
8801711526989
8801711530381
8801819263266
8801819230397
8801725520496
8801819217839
8801617217839
8801912004815
8801977772555
8801716906699
8801617538536
8801713272560
8801552372733
8801760646727
8801713031230
8801711032098
8801715039356
8801819431941
8801752777874
8801742201797
8801616001111
8801715770227
8801711189362
8801720636062
8801624501011
8801799516160
8801715529647
8801678775871
8801304963479
8801913300024
8801711074950
8801766584678
8801715287695
8801711034419
8801677065843
8801712507145
8801711591831
8801711355577
8801811134791
8801713861707
8801715177761
8801711800209
8801753319004
8801828137240
8801687754508
8801711272675
8801712143355
8801819276382
8801711856766
8801817015169
8801819280268
8801711532213
8801713064429
8801999034854
8801711332943
8801552637971
8801715701910
8801911327194
8801716392197
8801670226866
8801712575703
8801746622662
8801716244544
8801711648357
8801630459811
8801678169890
8801711576564
8801732308337
8801711540401
8801971128888
8801711198799
8801716810178
8801711888455
8801841888455
8801971888455
8801819411351
8801716368817
8801675667777
8801752102755
8801552451768
8801716281057
8801819222575
8801716577260
8801713453426
8801730640999
8801711939152
8801817535302
8801819254212
8801715315415
8801819219308
8801819281207
8801552318455
8801711942797
8801912157724
8801711303120
8801912864477
8801718561475
8801712093738
8801716667666
8801716608183
8801711342279
8801678043359
8801916747401
8801711675159
8801713038943
8801553490969
8801723490969
8801794545483
8801713003100
8801712081391
8801726244051
8801711228899
8801712959648
8801819289980
8801936100011
8801921604329
8801817510433
8801819148351
8801714022222
8801930507663
8801715180022
8801711358939
8801913939440
8801711168345
8801615882288
8801823232411
8801712629032
8801819036566
8801715155773
8801725443939
8801799008877
8801919423864
8801711589376
8801712190688
8801711381236
8801711145220
8801713060330
8801720442020
8801726095443
8801912042561
8801670038218
8801712655548
8801735446828
8801974425008
8801846473284
8801866131676
8801819209361
8801920598744
8801763669952
8801920598444
8801915211372
8801199084829
8801732284337
8801715940885
8801711594144
8801912236928
8801718614175
8801670112634
8801716192232
8801819222563
8801919222563
8801757832673
8801732309502
8801959555333
8801712141802
8801841092092
8801841093093
8801819438788
8801930777888
8801933777888
8801956555999
8801720215813
8801711535287
8801715430845
8801715428713
8801715111913
8801713748787
8801715249807
8801612633055
8801730358586
8801712539678
8801711517887
8801674617613
8801730592022
8801713087595
8801711113897
8801712870589
8801712681646
8801715180911
8801728763290
8801936282019
8801922114009
8801914837947
8801712223516
8801819231041
8801711525011
8801919503407
8801715080938
8801743929497
8801718380333
8801712704705
8801720279719
8801713009802
8801771144446
8801841533554
8801715696954
8801712310570
8801712792019
8801715602351
8801798345498
8801712959166
8801920000300
8801749665568
8801711537019
8801714251615
8801811271516
8801715780480
8801717744789
8801726686492
8801713027777
8801820269989
8801727208901
8801715624279
8801754936666
8801552632807
8801716189297
8801818008827
8801819505724
8801534116778
8801918197345
8801774947684
8801819244306
8801818035216
8801711564889
8801922800737
8801929576095
8801711525763
8801819137183
8801711523740
8801777768081
8801916652501
8801911362169
8801920474761
8801711647108
8801819018494
8801711531187
8801819219739
8801199851049
8801713009623
8801713007228
8801708527850
8801711525364
8801715051132
8801713033450
8801919525763
8801712581949
8801715646695
8801678519228
8801711674864
8801867777729
8801931888111
8801712210283
8801972210283
8801918227118
8801917200136
8801715494608
8801715001142
8801711451909
8801675109180
8801713012017
8801819111913
8801723171780
8801711190948
8801552551968
8801714070035
8801740551981
8801711329950
8801819194022
8801716366061
8801819153507
8801754863808
8801711230083
8801714073280
8801937919200
8801712796671
8801687779882
8801878586353
8801711014850
8801714109611
8801682548581
8801713031842
8801711035055
8801711463992
8801816625305
8801712180319
8801819223486
8801711560470
8801674609565
8801712169194
8801755616054
8801672885598
8801715849994
8801819259587
8801976180808
8801716180808
8801616180808
8801672444440
8801912488808
8801819471111
8801788505080
8801711545068
8801711530405
8801711532523
8801922936787
8801824666339
8801678710400
8801819687550
8801712774017
8801813584362
8801826680869
8801711576316
8801611576316
8801730903965
8801715503088
8801613229737
8801919229737
8801710562077
8801843796927
8801974442299
8801712510726
8801678111786
8801711349814
8801922538933
8801819228452
8801727263478
8801715137729
8801711533142
8801711589294
8801758737214
8801716611580
8801743119707
8801819131488
8801911350160
8801711523228
8801712743932
8801713017874
8801711544871
8801730076060
8801730332105
8801818612002
8801716225873
8801712011386
8801715937455
8801717060100
8801728633745
8801819211786
8801911398823
8801713165116
8801842787833
8801713005821
8801937111444
8801819263557
8801716222988
8801780009955
8801711566727
8801717553030
8801715059689
8801819137289
8801819695889
8801712719494
8801711563608
8801711937650
8801715661323
8801712055804
8801712090853
8801711537058
8801611012664
8801819217980
8801726294376
8801916710223
8801711948277
8801916710224
8801972220071
8801672220071
8801711549950
8801711530330
8801824808640
8801715838865
8801819245126
8801911058174
8801711542275
8801725550111
8801745550111
8801711548442
8801774903835
8801819263765
8801676624970
8801712212369
8801713005037
8801711270005
8801711542873
8801819394901
8801711562047
8801671100000
8801670777333
8801711409592
8801819330659
8801726150998
8801552888888
8801707227494
8801716172028
8801730009341
8801711647979
8801712905790
8801711974408
8801815456200
8801615456100
8801714122985
8801711944255
8801819443031
8801711731497
8801711323771
8801787656565
8801731359399
8801707030303
8801753422220
8801711544185
8801711545291
8801751775566
8801720044789
8801971851106
8801715404029
8801711526848
8801713094472
8801917704487
8801677077810
8801871513884
8801818264785
8801713066590
8801819242526
8801713703312
8801712289549
8801721117042
8801817514675
8801711563553
8801819131819
8801619131819
8801770887733
8801711164926
8801911380423
8801613447337
8801747446961
8801819211957
8801676592642
8801715098663
8801711350913
8801712582737
8801715699810
8801778724950
8801795704790
8801711517540
8801670024762
8801819202857
8801711529789
8801712507147
8801767801119
8801711051581
8801711384194
8801716607182
8801711173578
8801711695922
8801715166333
8801711520743
8801816182909
8801711538712
8801712061746
8801766677799
8801712229625
8801711532840
8801963639909
8801552352139
8801712219771
8801715147887
8801713201769
8801511444440
8801714005904
8801922806881
8801706402516
8801711485526
8801726149762
8801713009843
8801716542086
8801713035259
8801710005810
8801713524049
8801712525545
8801715430245
8801739332916
8801715492389
8801624731063
8801715461826
8801712790309
8801711590176
8801919590176
8801816436972
8801192098187
8801748972860
8801711882183
8801834042080
8801715222709
8801819237985
8801757788888
8801733111463
8801712900992
8801780009922
8801712518063
8801973503090
8801715665614
8801819220595
8801711688051
8801718109576
8801713027150
8801712710500
8801798594735
8801798594736
8801715313040
8801711829581
8801972206666
8801760293713
8801836674071
8801819249219
8801733079760
8801711542722
8801713026376
8801817625238
8801711525543
8801711524479
8801727780982
8801716340369
8801672525555
8801620113187
8801819207194
8801776363190
8801731714826
8801966667666
8801912474214
8801819136997
8801711330545
8801716244790
8801711953948
8801711523510
8801761709236
8801971160593
8801711524708
8801611909626
8801931613124
8801711432323
8801711907752
8801728440767
8801711525933
8801732943915
8801715106200
8801711187919
8801766686954
8801712236109
8801711933260
8801614088023
8801979877204
8801711533695
8801719257588
8801712922117
8801716119731
8801711319536
8801735229270
8801711173940
8801817094118
8801814153393
8801713015827
8801715317381
8801819218436
8801711520547
8801707351768
8801711525327
8801927661716
8801733944998
8801711832171
8801711712504
8801717063739
8801316172528
8801715474009
8801711537722
8801919243752
8801731318880
8801922599133
8801715103833
8801790666874
8801710515145
8801819263245
8801700769599
8801711986207
8801820293787
8801797595850
8801713113388
8801720234477
8801786661990
8801731731503
8801713514908
8801746641281
8801933952755
8801713005754
8801816780381
8801732713115
8801715470236
8801720562820
8801710878946
8801711538437
8801817106462
8801713043319
8801819499830
8801819426856
8801711522669
8801708524821
8801718749837
8801819277571
8801710702111
8801814718336
8801710836616
8801914178867
8801677250614
8801712003840
8801789099000
8801737295383
8801819207573
8801715677525
8801715995498
8801977771188
8801714207020
8801711708614
8801732065901
8801552330341
8801816176905
8801730060575
8801714179151
8801977599990
8801199413811
8801726544349
8801733899353
8801796500170
8801720582085
8801711330087
8801730441900
8801920191363
8801552330937
8801819214018
8801920725816
8801970378870
8801819133722
8801552314512
8801816463569
8801713038862
8801918997901
8801675837713
8801611111112
8801831373737
8801815100071
8801767451614
8801731856162
8801715949152
8801678131601
8801914217153
8801730999675
8801733755188
8801712393244
8801711546956
8801714114060
8801676243177
8801740811399
8801811120112
8801713118624
8801711563072
8801754333166
8801817405289
8801511338877
8801715285830
8801675590134
8801720553974
8801733296817
8801713412491
8801787331166
8801711222010
8801765041752
8801551122304
8801613206696
8801711526365
8801730012255
8801727441271
8801843737112
8801937765968
8801783444442
8801711520807
8801819238700
8801712395257
8801721983002
8801711489769
8801716452368
8801734397139
8801817016417
8801715152236
8801992444222
8801727700133
8801715082272
8801766146613
8801711992017
8801918999693
8801919771616
8801711352176
8801819043837
8801973623397
8801713410646
8801918203062
8801713033876
8801973600604
8801713117699
8801720408793
8801719555777
8801638888222
8801713002318
8801711541170
8801711857400
8801746297319
8801716395058
8801819159852
8801198176838
8801716186561
8801730020333
8801686464698
8801820559630
8801713044922
8801924495532
8801711560556
8801711523628
8801716244643
8801711015131
8801926967544
8801707704421
8801861002811
8801713561073
8801746687161
8801787662513
8801841444363
8801973008012
8801717555014
8801511555014
8801715472213
8801716047563
8801971190948
8801966661990
8801700802156
8801612473737
8801711521406
8801843828573
8801911317034
8801612889897
8801822889897
8801712150046
8801944500500
8801711707251
8801711533071
8801828196081
8801721444000
8801819403971
8801970504797
8801715222147
8801711526999
8801733542846
8801716372688
8801552391891
8801712964454
8801716881288
8801676797099
8801937830582
8801720011260
8801741798644
8801712507527
8801716915795
8801712739793
8801911394567
8801819274139
8801682849431
8801715018207
8801712109877
8801911336680
8801921877541
8801819209095
8801718160563
8801950002222
8801718454496
8801772365596
8801919216387
8801715136485
8801711520506
8801678007833
8801711547781
8801711813274
8801715158502
8801925808284
8801715042660
8801740932453
8801711191955
8801913806320
8801711462642
8801720033448
8801770428546
8801715305643
8801711122762
8801683073200
8801705401060
8801914739383
8801756944161
8801712241914
8801612346582
8801799980160
8801799980161
8801715937341
8801911326737
8801732225336
8801718104111
8801718418872
8801749950268
8801741176063
8801819271399
8801781054247
8801675692481
8801717320616
8801715024996
8801712114282
8801711524935
8801713082096
8801715780177
8801728321518
8801715881036
8801711820535
8801726202301
8801714296091
8801833038339
8801817585862
8801711697826
8801715909220
8801712710171
8801815601002
8801755500643
8801678085113
8801711595558
8801711565077
8801926694560
8801714388251
8801711479484
8801915066055
8801713019422
8801711866962
8801711330866
8801715046660
8801674904492
8801712818376
8801819102798
8801819211171
8801757107977
8801711978577
8801716919094
8801764434319
8801910000909
8801717000103
8801799200500
8801715131358
8801819168188
8801919168818
8801797208383
8801758757000
8801715005417
8801716909688
8801711892073
8801911688920
8801715104022
8801919104022
8801711538087
8801614905798
8801715584040
8801707257367
8801819523144
8801720531113
8801711385907
8801552424193
8801711516552
8801715985354
8801733006073
8801711625225
8801722099632
8801715300919
8801670999999
8801743909120
8801816666284
8801715485272
8801723392683
8801758664416
8801715129244
8801671063661
8801677065119
8801715220419
8801718112593
8801911380891
8801711592492
8801765898935
8801715078282
8801712725212
8801975244800
8801675244800
8801611760000
8801711218855
8801711595592
8801712290832
8801711806363
8801926993238
8801715500499
8801713037452
8801818858448
8801819213690
8801711624974
8801819183812
8801711162365
8801714029554
8801841026376
8801717017957
8801974095138
8801819292753
8801720531922
8801711369702
8801931126401
8801677667700
8801713015416
8801733338111
8801711166561
8801611166561
8801713623396
8801715179308
8801610000477
8801944440440
8801720486490
8801711626630
8801971626630
8801711591254
8801918390739
8801770333303
8801824967795
8801730073610
8801711970759
8801819432736
8801715040273
8801713006167
8801713008482
8801935556677
8801745923770
8801928035486
8801713201618
8801819143090
8801959925264
8801711523520
8801711521688
8801711685533
8801726466966
8801715129780
8801718330196
8801711532828
8801681705929
8801713032861
8801911355988
8801921632494
8801714035100
8801819137910
8801819224945
8801911347121
8801787657671
8801715023591
8801715300558
8801671813399
8801726969448
8801977262100
8801727262100
8801196095337
8801716723430
8801819696972
8801819447964
8801711520082
8801673339895
8801973339895
8801819239096
8801713006873
8801712020020
8801739888933
8801923646995
8801711286216
8801733549446
8801855693799
8801712510094
8801720065852
8801970065852
8801711520949
8801716626108
8801928500502
8801714166152
8801713333540
8801716494950
8801711052657
8801873743468
8801713403585
8801715440481
8801834528577
8801713535263
8801678047285
8801611730715
8801751985599
8801711931282
8801612666061
8801674068247
8801712519780
8801973322288
8801711650602
8801779999977
8801711081713
8801779999937
8801819258115
8801558021617
8801716180170
8801913982388
8801922424345
8801711541620
8801611541620
8801751050481
8801973020225
8801713020225
8801711663845
8801712834761
8801715076116
8801817527815
8801711638009
8801822968660
8801715248942
8801819621209
8801534401251
8801711800210
8801720485977
8801610485977
8801713004550
8801817545007
8801924940661
8801670100941
8801711567048
8801777758859
8801711585816
8801819988884
8801918302733
8801715089452
8801833931139
8801712213781
8801819900651
8801715097870
8801711734001
8801760253966
8801740911055
8801911350828
8801715802408
8801714049208
8801711451680
8801613333555
8801199804504
8801715618563
8801553477109
8801713043784
8801885981183
8801711906934
8801719563052
8801713121824
8801819284667
8801915813294
8801817669294
8801711585249
8801711529036
8801713114915
8801911393896
8801711381278
8801819258002
8801819227058
8801717236636
8801724778259
8801716413723
8801710072995
8801670873689
8801716351010
8801712798099
8801763660243
8801737745953
8801712196746
8801819241514
8801715111002
8801967686855
8801726326363
8801711538137
8801713034877
8801711523781
8801811480826
8801711626262
8801713035039
8801713272618
8801819225881
8801712623515
8801793527576
8801713002161
8801711529679
8801713061665
8801970050352
8801816697525
8801711361786
8801711529152
8801711627059
8801919627059
8801711594379
8801916817797
8801819274546
8801711529061
8801713063387
8801711530688
8801715066117
8801819229756
8801613003001
8801819244310
8801733212907
8801975593852
8801711671387
8801711239852
8801678322322
8801715166144
8801793510505
8801911205404
8801916782069
8801970000788
8801716245166
8801711842958
8801611376522
8801713044559
8801713003636
8801920150046
8801713015944
8801731955777
8801971674884
8801723454097
8801796505555
8801678569290
8801819255425
8801726694056
8801919252880
8801912005095
8801911351984
8801760030393
8801720097337
8801711520080
8801817001730
8801711595569
8801819130211
8801711846364
8801711823252
8801929358727
8801819130319
8801711634096
8801715101622
8801711130198
8801711520718
8801711811609
8801712046761
8801712230178
8801922110321
8801720207583
8801711937178
8801711392785
8801763774808
8801925808301
8801727967216
8801915733541
8801711107908
8801730055522
8801815556753
8801711050834
8801819213030
8801552373452
8801979922560
8801842427432
8801712262129
8801911359604
8801912022987
8801911382141
8801815444863
8801711817519
8801712629784
8801715523507
8801712840988
8801617146696
8801711328292
8801819404507
8801713366366
8801819226327
8801711563301
8801715051146
8801819273868
8801711529261
8801713001942
8801714361859
8801819221204
8801711538451
8801711874021
8801882087400
8801711522109
8801757304101
8801712060209
8801731714709
8801755604070
8801711951336
8801715089855
8801819221957
8801711562058
8801819168311
8801711526544
8801717182013
8801677777727
8801977794557
8801711784322
8801971520242
8801819254893
8801713247285
8801766698134
8801713107106
8801712764780
8801712030163
8801711520061
8801973005306
8801712876533
8801819219827
8801712347740
8801819212008
8801980274619
8801726055837
8801712207975
8801719285888
8801819216588
8801724365514
8801819342111
8801777768899
8801716401434
8801711524038
8801711523345
8801711909949
8801819058232
8801610997700
8801740284099
8801813336164
8801711582122
8801714134337
8801717834657
8801558386588
8801819199221
8801788707493
8801775573100
8801819291364
8801713046252
8801711115599
8801714556002
8801822822288
8801819241449
8801820190452
8801814711255
8801755593843
8801733391826
8801715054067
8801915205822
8801552639740
8801613456966
8801719669382
8801758998819
8801758998820
8801730051973
8801712139846
8801711820639
8801819044647
8801711560243
8801766685951
8801713012018
8801711537950
8801744208102
8801713004878
8801711062103
8801733678447
8801711707389
8801731491851
8801743907353
8801785743434
8801198156792
8801842113455
8801819372400
8801726269606
8801715246124
8801714103747
8801710458020
8801720104342
8801711160360
8801973082093
8801819275576
8801718641750
8801675022682
8801613646467
8801911391947
8801917881888
8801753859543
8801552402282
8801819132168
8801729288888
8801819319882
8801715933991
8801944466444
8801730029758
8801711567538
8801744291909
8801819247924
8801740447876
8801711632793
8801711783196
8801711699391
8801978612002
8801766698150
8801819219713
8801711538453
8801715015972
8801715042137
8801704170301
8801715653607
8801817684196
8801924961323
8801713493190
8801618358344
8801759126383
8801624176122
8801736063364
8801711542827
8801911381258
8801711309088
8801911310630
8801711061874
8801713289173
8801819220198
8801713006444
8801711543308
8801782222226
8801911340275
8801815448816
8801719660174
8801711909688
8801713015465
8801913011184
8801732966378
8801715051102
8801844168155
8801819248977
8801976672331
8801720676763
8801711823312
8801865010488
8801711464046
8801711620146
8801715152297
8801713452718
8801711203730
8801986999222
8801711504157
8801713213656
8801796586765
8801711662762
8801817118592
8801712014861
8801716499258
8801675279047
8801912075704
8801847100844
8801766536883
8801825366125
8801715150843
8801710787372
8801745915491
8801819245113
8801976516333
8801711565979
8801711531950
8801711520658
8801720065483
8801715019588
8801639319492
8801715013119
8801819272703
8801511447322
8801671504844
8801712092447
8801715016182
8801713461826
8801617666444
8801768516995
8801715496339
8801711587229
8801708521653
8801759215123
8801819216568
8801727765066
8801824926002
8801715323307
8801715759618
8801718563500
8801720020500
8801819902753
8801712145432
8801712620961
8801819218901
8801819126113
8801712369597
8801680237110
8801975496339
8801714264711
8801777750900
8801714011619
8801711015679
8801712883385
8801713034833
8801720395192
8801819282229
8801711533874
8801981026109
8801711474374
8801724329444
8801711469224
8801707666432
8801748990435
8801713452875
8801819481126
8801711857443
8801745770401
8801819254491
8801713000686
8801713045986
8801620125952
8801913930933
8801819114459
8801716605557
8801731355122
8801714218320
8801719326145
8801713005614
8801819232545
8801862444831
8801611005569
8801911310600
8801732066690
8801720528315
8801711529251
8801811446977
8801813298910
8801714296092
8801815007687
8801847275602
8801711524582
8801552352277
8801712088867
8801613355501
8801911555717
8801711527416
8801974411103
8801817016372
8801713032744
8801711526024
8801711591575
8801819274222
8801715588188
8801711527601
8801711443760
8801711531253
8801711032986
8801714293530
8801716299399
8801714455323
8801720233920
8801715186549
8801841422226
8801819223327
8801713014965
8801711529250
8801730344388
8801678116063
8801745460320
8801819286905
8801819255801
8801617345345
8801713461761
8801711107580
8801711568207
8801713030906
8801711233865
8801678173842
8801714110214
8801199867960
8801715296934
8801813639331
8801920992984
8801711525725
8801819281856
8801711632785
8801619815253
8801740600371
8801711537730
8801727525599
8801819894667
8801819292141
8801790228474
8801819213780
8801732587284
8801714402687
8801711891806
8801757621187
8801711521965
8801716980350
8801972444823
8801711320867
8801716845048
8801711522216
8801791728449
8801774245303
8801719061550
8801670825766
8801911381247
8801713458899
8801713017317
8801711524019
8801746792225
8801937244234
8801755644270
8801758080935
8801819432520
8801716151880
8801611826595
8801711072924
8888027195441
8801715653960
8801715050302
8801711160278
8801720030566
8801715913079
8801746649308
8801711534505
8801744909370
8801819225635
8801819229008
8801711546475
8801712034999
8801619004428
8801819299611
8801732666923
8801711277740
8801717315864
8801710296400
8801712232848
8801727641154
8801819079008
8801916713050
8801817094982
8801711660713
8801726228799
8801711185429
8801711532351
8801819216657
8801915224204
8801714222216
8801712947762
8801716363252
8801819449416
8801819248388
8801713454444
8801712055998
8801915630525
8801755598701
8801716655355
8801711530718
8801934449020
8801711372894
8801715005168
8801786506294
8801819511118
8801711542274
8801815488605
8801713303015
8801828159616
8801972277465
8801719170854
8801911237064
8801711543309
8801914989444
8801921487554
8801711525091
8801718041817
8801819245952
8801712108986
8801711535576
8801731349706
8801674778788
8801755944450
8801911703882
8801798875706
8801716148384
8801715223728
8801711593303
8801677255153
8801922531343
8801714102699
8801819225157
8801814280124
8801842903735
8801713303039
8801917164642
8801713623632
8801728096239
8801728763890
8801786222266
8801819241892
8801819406165
8801674799713
8801819685797
8801676228866
8801756335541
8801715037343
8801713008944
8801827544679
8801711805318
8801711549429
8801711035905
8801715006248
8801711230889
8801818956681
8801711567509
8801819276115
8801716191024
8801714237207
8801818538675
8801749078255
8801726408930
8801711526203
8801817113147
8801711533968
8801711446566
8801715765330
8801715044340
8801718569597
8801707151689
8801711838624
8801817002810
8801736859222
8801714007786
8801713011793
8801937761111
8801711724999
8801817004801
8801715737751
8801712103097
8801713007917
8801915565155
8801819284652
8801711594591
8801717428884
8801911021393
8801817035248
8801996766367
8801977111977
8801712902312
8801715770708
8801720518132
8801938849440
8801819224765
8801764601129
8801717406374
8801712275674
8801713003689
8801720171229
8801715098876
8801711560635
8801711692356
8801711817010
8801722041880
8801715535203
8801756414447
8801913216321
8801721223331
8801711625518
8801711734029
8801715622824
8801715852020
8801678170901
8801711560191
8801689596912
8801711281615
8801713038667
8801755599222
8801711830831
8801784628552
8801863428962
8801715573174
8801711243544
8801711542789
8801714454440
8801920144343
8801711112819
8801907085580
8801919248143
8801707078880
8801766682923
8801715438826
8801712922444
8801819490440
8801711590461
8801819211885
8801716310056
8801713341743
8801711560875
8801764038812
8801711180200
8801552364951
8801777788569
8801711927983
8801711667783
8801715431750
8801712090533
8801713008919
8801817562176
8801716632522
8801817121737
8801711979425
8801716953591
8801712005883