01787667392
01787667607
01713075668
09606100700
01711521964
0296713812
028851054
028814996
029897612
01711521964
01713038445
029841100
029840077
01912093331
9335607-10
01777818008
1717579731
01757110099
01757110099
01610241022
02222264415
01710300648
01974002244
01624397227
01958669251
88 02 44810017-18
01730069683
01741739899
01730069683
01746208346
01715328626
01713190002
01841999901
1717048143
01912337754
01814652640 
01814652640
029114309
01819234141
029119253
01844080556
8801847180512
01716301000
1716301000
88028810506
01678242911
01678242985
01768555503
01841801180
01919999989
029632521-23
01708183871
01708183873
01847333080
01717266026
01717266026
01720010999
01911986034
01775888777
01511459045
01511459045
01775888777
01792125651
01792125651
01786663248
01777750933
01713014147
1713014147
01755155555
0258956711
01755155555
01937826361
9606404040
01755550055
09678100800
01617182157
02222282314
01919204578
01919204578
01936006776
8801712432681
01701211023
01711425299
0258810698
01709642301
01707995522
01304046994
01304046994
01775888777
01511459045
01730710434
01730710434
01401155118
09678707808
01711536563
01711536563
01992077034
01511458145
01671010131
01787100448
01684960436
01684960436
01674658852
01795373643
01933336366
01933336366
01762626340
01762626340
01917744365
01730730321
01844505566
01844505566
01841001199
01841001199
01712915981
8801962116655
01685403332
01685403332
01777755273
09611677345
01718150263
01718150263
01886327637 
880 1680 220 173 
01680220173
01886327637
01917191719
8801917191719
01312126262
01312126262
01755655234
01755655234
01711560085
01726262020
01711531721
09613455555
01304046994
01961900400
01945347502
01678151355
029848560
01713030203
01713558555
01715011210
01715011210
01716550908
01716550908
01913584097
01913584097
01304046994
01955886655
01712202275
01712202275
01844111144
01844111144
01711091313
01711091313
01708549077
01708549077
01701227001
01703334184
01714858505
01974858505
1641797431570
1641797431570
670838999999997
24156740000001
01714373529
880248116644
01711542605
01711542605
01977743739
01977743739
01819915070
150000000
01707009545
01712773844
01613344455
01713344455
01916859592
01916859592
01810022230
01810022230
01889983621
8801889983621
01918909387
01918909387
01714886147
01894829225
01673128667
8801673128667
01730323052
01730323052
01672777779
01672777779
01963999555
01963999555
01745565665
01745565665
01752026161
01718271970
01730070547
0197 4000 360
01796995576
01796995576
8801678242900
01678242919
01715428713
8801715428713
01730351784
01730351784
01710930867
01710930867
01318239773
01318239773
01717037037
01717037037
01870727171
01870727171
01670595531
01670595531
01701207782
88 02 2222 23654
01712648047
01308538844
756822119617
01610008555
1713067656
01711561263
8801711561263
01674569993
01730707960
01723279073
8801726950385
77385155496021
36546209832275
01521581976
01521581976
01711730517
0248313265
01711506350
01711506350
01711545186
01733347594
01623185184
01623185184
01719131305
01719131305
01712379495
01904111666
01711905037
01711905037
01732580758
01732580758
01730372911
09612558855
01718073909
01718073909
01622001612
01316690209
01784220055
01777794600
01715564606
01715564606
01730015160
01730015160
01710007548
15148001421
01710007548
01724916377
8801847180965
01713339764
09678666111
01754874745
01754874745
01733015243
01733015243
01777752810
01777752810
01992077096
01992077411
01955544953
01992077198
01601426366
01779031098
01713330777
09611993322
01842783868
01842783868
01911220688
01819423205
01819423205
01771071169
88 01779063176
01711991858
880 1711-991858
01717290355
8801717290355
01743520707
01974276243
01625592566
01625592566
01752846854
01752846854
01966191919
88028414302
01713004054
01755549969
01712286887
01712286887
01793592659
01793592659
01627355382
01627355382
8801676162871
01933205010
09678221451
01685932099
01685972099
01711596426
01967889988
01977572262
01977572262
01711527193
88 02 222242561
01620333111
01620333111
01755699362
01755699362
01713144479
01713146267
01313494786
01313494730
01628049096
01628049096
01816103732
8802222276226
01602440660
01733806880
01713453382
028833031
01701377321
01701377321
01712493463
01922883133
01712126134
01712126134
01842607234
01722057995
01302307566
01302307566
01711082989
8801879167052
01713452228
01713452228
01914893975
9613441122
01912125026
01912125026
01719363001
01719363001
01613275280
01613275280
01894946900
01894946900
01760060096
09613555000
01617131435
01409973002
01714002345
88028415140
01303581056
01303581056
01842267223
01842267223
01712492605
8801712492605
01701351154
01940435435
01847544410
8801847544410
01755550055
01755550055
01708117280
01708117280
01819420624
01819420624
01715104129
01766688112
01713067574
09602111874
01711129298
01751993707
01708166003
01708166003
01773482668
01773482668
01890076006
01890076006
01711025165
01711025165
01612112112
01612112112
01927000555
01927000555
01914123036
01914123036
01712777420
01712777420
01711023540
01711023540
01711289386
01711289386
01729272357
01729272357
01973146142
01973146142
01670746499
8801675936886
01911665323
01896444202
01896400202
01817549695
01817549695
01841693333
01733563300
01977198493
01711198493
01302609091
01302609091
01714317658
01715785881
01989678638
018-65466594
01625264664
09642080808
01978569291
01978569291
01715962916
01611150161
01973311143
01716789541
01793532035
0179-3532035
01778220205
880967-8771313
8801778220205
01971826847
01711582914
01716111835
1716 111835
01714131963
01714131963
01755576071
01755576071
01622773300
01622773300
01717510323
01717510323
01911019168
01911019168
01612348152
01612348152
01844525103
01844525103
01713035276
01713035276
01713039367
1713039367
01711036718
8801711036718
01817625368
01817625368
01674258959
01674258959
880 28410052
88 01711871341
01718073432
1958109225
1958109225
1958109225
1958109225
1958109225
01718073432
019639135128
01710535128
01719172928
01743973827
01726268990
01992029902
01992029902
01833180423
01749945055
01711486779
01711486779
01755300300
01755300300
01704473813
01704473813
01767939113
8801767939113
01732943447
01671397347
01819210643
01819210643
01797917026
01797917026
01858123456
88 029 860116
01678143070
01678143070
01812259886
01812259886
01730929029
01670012704
01670012704
01926693101
01704164940
01916546547
01316100183
01749057597
01749057597
01711529789
8802222286870
01709926789
01709926789
01311305345
01311305345
09606159159
01708142984
01708142984
01872292300
01872291300
01709926700
01709926700
01786222555
01711486970
01711486970
01712665840
01712665840
01777773490
01777773490
01711350043
01711350043
01554359579
01554359579
01303063475
01713083884
01713083884
880 9678 771455
01819210799
01819210799
01711180147
01730076002
01730076002
01994121931
01994121931
01611522671
01611522671
01841672195
8801711505928
01672762202
01912100700
01713490918
01842293053
01726427499
01850669944
01850669944
01771444488
01771444488
01683078784
01307437138
01730442266
01730442266
01955560360
01955560300
01749696830
01749696830
01711595766
01711595766
01733919791
01733919791
0531-66080
01758066825
0258316931
01711310544
01814903852
01966777999
01966777999
01847426610
02-8783422
01711083333
01711083333
01719335239
01719335239
01718019898
01713000926
01819214692
01819214692
01787669344
01787669344
01912100700
01912100700
01977542452
01977452452
01613344333
01613344333
01811443606
01811443606
01713212381
01713212381
01707344066
01776198791
8809678800544
01612579697
01712579697
01913870792
01976444300
01711505322
8802997755743
01670411212
01534524651
01714047805
01714042726
01711538357
01711538357
02 9671237
01670198594
01670198594
01611585887
01611585887
01819270882
01819270882
01819495002
01716164708
01817381872
01817381872
01913655060
01315632689
01911762626
8801713034621
01712412881
01775334400
0255123329
01963346420
01615723687
01922502380
01922502380
01771103125
01711081888
01309816700
01309816700
01795784406
01795784406
01781111444
01711520170
01781111444
01713197722
01713197722
01770496503
028872722
01924764580
01924764580
01742599133
01713388003
01973102030
01973102030
01611011222
88 028878079
01729223909
01678615940
01778385022
01778385022
01713295983
01713295983
01720030519
8801720030519
01713143555
01713143555
01774992832
01791832323
01790313496
01781400237
01712030171
01976716462
01976716462
01718580900
01736554550
01916558441
01916558441
01720171904
8801720171904
01713122331
01713122331
01843886026
01843886026
02-44810010 
01671821094 
01671821094
02-44810010
01713178388
01713178388
01711535553
01711535553
01708123433
01708123433
01756733299
01777989536
01922771188
8801922771188
01786376413
01711710219
01684192450
01711534980
01711534980
01791309005
01791309005
01717080800
01717080800
01714337285
01714337285
01713044093
01713044093
01711679301
01951155001
01729264389
01729264389
01930198714
8801930198714
01716342384
222293168
01717330904
01717330904
01711526562
01711526562
01777514059
8801611612222
01307524982
01307524982
01765333623
01765333623
01812620653
01812620653
01789523643
01789523643
01915202577
01915202577
01951155001
01833352329
01737243293
09678793030
01711085680
01711085680
01751734626
01751000077
01751000077
01729269217
01729269217
01680776327
01680776327
01747368459
01747368459
01720514565
01742205557
01672506744
01672506744
01676266967
01676266967
01713032934
01781456901
01781456901
01741231474
01741231474
01916100806
01916100806
01751219503
01751219503
01713124636
01796585040
01711538158
01711538158
01815559105
01815559105
01785639494
01785639494
01886544220
01886544220
01313586060
8802-48810931
880-1313-586060
01711682074
01711682074
01755682652
8801755682652
01819210127
01819210127
01711436116
01711436116
01711473506
09639018080
8802334475180
01755569444
01755569444
01847418501
880 17 1824 4442
01714276969
01714276969
01713118090
01713118090
01322 896 004
01993 342 498
01955560821
01955560821
01639575895
01639575895
01717027282
01701000654
01713409410
01713409410
01716094232
01716094232
01300954222
01914626937
01754598240
01754598240
01742222227
01742222227
01717435203
01717435203
01893470100
01309009401
01711481192
01711481192
01716620452
01716620452
01613488608
01613488608
01755373637
01716338322
01701808080
01701808080
01760183885
01760183885
01724985959
01729094921
01739979350
01749277772
01817036767
8801817036767
01713375227
880-2-58816731
01718918576
01718918576
01711500574
09610770555
01723944492
880248038902
01730715222
01730715222
01755501612
01755501612
01811481724
01811481724
01717114944
01717114944
01318313838
01318313838
01817716793
01817716793
01745780810
01745780810
01716714686
01716714686
01912239813
01912239813
01819810667
01931449449
01613486477
01613486477
01715968533
01404023385
01404054762
1404054762
01718346170
01718346170
01756803641
01913970903
01819256508
01819256508
01842389640
01711507877
8801711507877
01713082040
880 2 2222 86450-2
01711526355
01711526355
01833464781
01711134165
01712738308
01712738308
01713082883
01713082883
01782003355
01782003355
01713148098
01713148098
01882529252
8801882529252
01611815656
01711369672
01611106000
01611106000
01313089350
01313089373
01967961316
8801967-961316
01912100700
01912100700
01711320172
01711245205
01681046437
01681046437
01722880607
01748919303
01680082384
01680082384
01713082458
8809638115577
01781912828
01991816859
01758085395
07158085395
01713097701
01713097701
01742008787
01716-730070
01977876172
01743966200
01764287474
01764287474
01970108905
09638750755
01945135899
8809638011199
01732770603
01730093875
01715567613
01715567613
01626681812
01626681812
01711409742
01730093875
01749557858
09612030303
01730093875
01730093875
01713201980
01713201980
01746208346
01715328626
01713006500
01713006500
01836401967
01836401967
01715712931
01715712931
0177-0407374 
01770407374
01770407374
01714111977
01847181001
01321139037
0241050449
01719100702
01719100702
01610004466
01610004466
01885554200
01778988000
01750674557
8801750674557
01711521964
01711521964
01707123758
8809610101010
01716864542
01716864542
01937643097
01937643097
01715488288
01715488288
01774744442
01810099877
01810099877
19292041978
01715896099
01715896099
01719689122
01719689122
01717902666
01567847770
01711081687
01711081687
01975363707
01975363707
01717337907
01717337907
01790538974
01790538974
01760644696
01760644696
01730022131
01777752414
01915942830
01915942830
01911440891
01713941393
01713941393
01730216649
8801730216649
01730806487
01730806487
01730805183
01730805183
01723609904
8801818965653
01755575539
01713273847
01819379105
01819379105
01912962481
01912962481
01716971328
01798669999
01706166009
880248318811
01317808414
01317808414
01969310183
01969310183
01521227387
01521227387
01713060086
01713060086
01711648454
01404030556
01948231219
01999509999
01726723516
01726723516
01675417240
01675417240
01717577771
01767702031
01760989490
01760989490
01710133898
01710133898
01916669991
01916669991
01714131050
8809617209581
01313028642
01919204578
01968634859
01968634859
01961878650
01409978801
01717888388
01717888388
01924714040
01924714040
01911601021
01911601021
01517038086
02 8899780
01717557802
01312425457
01715950416
01715950416
01711080943
01733613000
01723331925
01300446868
01726621896
8801726621896
01718146157
01718146157
01951200600
8809611200600
01321171199
01723551108
01877724434
01877724434
01979860860
01979860860
01834114196
01834114196
01714420001
8801714420001
01723301869
01723301869
01675512278
01675512278
01776655078
01712944971
01713254910
01713254910
01708590337
01708590337
01715525359
880 9666 770 780
01323401004
01323401004
01708456005
01708456005
01891151713
01891151713
01708811190
01755587237
01714116111
01714116111
01680759950
01958503155
01726276345
01713178357
01718577119
01718577119
01912021214
01912021214
01711596782
01711596782
01717653445
01717653445
01712189318
01401 888 444
01580504969
01580504969
01855955535
8801855 955 535
01778344090
01778344090
01719361496
01719361496
01916803293
01916803293
01716631932
01814903852
01780222020
01780222020
01716139513
01716139513
01818726478
01818726478
01717135547
01551615914
01714369600
01610778899
01875152568
01713046389
01713046389
01322459774
01322459774
01833368080
01833368080
01984743393
01743181005
01743181005
01766939589
01894988285
01713191346
880 1713-191346
01915191619
01915191619
01777759509
09609111777
01700676040
01700676040
3826543065248661134
01719130270
01719130270
01557601861
01557601861
01747413273
01633667744
01708518889
01708518889
01722012905
01722012905
01718996269
01718996269
01881997646
01881997646
01670108601
01670108601
01772544464
01772544464
01711385253
01670479817
01713118818
8801713118818
01711279433
8801711279433
01322810863
01322810877
01713048067
01713048067
01765283088
01765283088
01879682400
01740114607
01671789017
01671789017
01713288600
01713288600
01743044119
01743044119
01817066265
01817066265
01671037250
01978569299
01710437638
01710437638
01847461980
01847461980
01726685550
01729090022
01871505001
01717441690
01717441690
01819259111
01819259111
01520103220
01520103220
01678825007
01678825007
01713002341
01713002341
01714888656
8801714888656
01959495084
01762109306
01612223602
01708437621
8801797696377
01715011745
01815011745
01841297430
8801841297430
01679494116
01313522828
01717457286
01717457286
01705347430
01763772051
01979113353
01979113353
01818240817
01818240817
01791912483
01791912483
01862250690
01862250690
01842261305
8801842261305
01793594146
01676053114
01771040552
01771040552
01307694635
01307694635
01916100899
01916100899
01711229800
01711229800
01819210204
01819210204
01914258825
01716585879
01626060097
0130508057
01711311979
01715177776
01730642018
01730642018
01817040555
01817040555
01715175724
01711314156
01914531021
01714175752
01766457664
01778385022
01755628381
01755628381
01608763646
01719675715
01719675715
01686939542
01686939542
01722200432
01999910800
01677313290
01677313290
01779021867
01402190293
01774548838
01816513177
01730038919
01318205752
01711662515
8801711662515
01708126311
01708126341
01714092090
880248951350
01713777716
01713777716
01324730810
01324730810
09606 993300
01322813550
01322813550
01743792204
01743792204
01847100104
01847227171
01723283638
01758300772
01685007600
01685007600
01844224180
01844224180
01322446363
8801322446363
01713063877
01713063877
935403089507542
30914425369618
01717643279
01726621896
01629111902
01911171308
01744569317
01744569317
01730714578
01730714578
01672134960
01672134960
01818632353
01614757307
01689655055
01689655055
01718482426
01718482426
01712279883
8801712279883
01324732063
01817-716793
01975104410
01975104410
01910353535
01913542478
01763212050
01763212050
01611482728
01611482728
01773482668
01773482668
01710328545
01710328545
01916574623
01916574623
01674530844
01674530844
01711350572
01711350572
01671170441
01672823215
01989208272
01989208272
01714103940
01948952896
01314907852
01322892018
01322892001
01818770666
01818770666
01973884424
01973884424
01913373155
01707809809
880 1707-809809
01310589636
01310589636
01670120230
01670120230
01717286376
01521416936
01918639007
01918639007
01971810067
8801711810067
01841085035
01841085035
01711392392
01711392392
01700743646
01771947599
01711571545
01778744826
01321198140
01321198140
01962424607
880 1678-032058
01896106060
09611677816
01712544777
028392725
01959304837
01922293117
01833182785
01833182785
01714090028
01758257046
01713670638
01713670638
01777755817
01777755817
01755563397
01755563397
01712773844
01754079081
01920728661
01734981162
01924439863
01924439863
01711586229
01611536464
01611536464
01713049879
01713049879
01515287150
01515287150
01970207876
01970207876
01755883771
01755883771
01943335555
01980011102
01936747067
01936747087
01847140016
01935007700
01713452228
01713452228
01958454545
01833319626
01911664965
01611664965
01841297138
8801711174744
01313281140
01313281140
01534559108
01534559108
01818153225
8801818153225
01906297800
01906297866
880172005000
01717733460
01823111188
01675624479
01613209179
01761914891
01761914891
01557304435
01798215241
01917863151
01917863151
01722053689
01722053689
01720092008
01321210093
01613043700
01613043700
01617314337
01841225464
01841225464
88-02-55040904
88-02-55040905 
88 01713997946 
01714035305
01713997946
01911513128
01912803935
01614444001
01614444001
01717869557
01721426195
01616167830
01616167830
01911315422
01726446692
01789233438
880 1789-233438
01727602284
01727602284
01786491252
01786491252
01709634540
01713389474
01717799088
01894448132
01303625367
01303625367
01741489007
01819639748
8809638700300
01713042257
01712634465
01400377844
01400377844
01711525993
01711525993
01990627616
01700570579
01728285657
01728285657
01568993686
01568993686
01730161216
01730161216
01766686040
1678704646
01966666196
01717064021
01717064021
01670476279
01670476279
01938833222
01938833222
01700799309
01700 799309
01737281730
01737281730
01732256211
09610001012
01730050395
01324531551
01992077034
01992077034
01711871990
01711871990
01712344321
01758099914
01711506306
01711506306
01926684861
01904400108
01743134075
01743134075
01711711274
8801711711274
01799900964
880-222-6600734
01854617716
01854617716
01793300299
01793300299
01711941009
01711941009
01717837772
01717837772
01796587785
01521494537
01952345231
01765156262
01676556846
01676556846
01715186647
01715186647
01712882332
01711535040
01629666555
01716401613
8801716-401613
01713302868
01713302868
01718373523
01790111871
01713403590
8801321117795
01813266626
01793005257
01793005257
01711563490
01711563490
01798000055
01711377006
01787801006
01711526896
01711526896
01912951074
01912951074
01706088690
01706088690
01720821221
01720821221
01534211078
01842546165
01610007606
01610007606
01775998872
01734520260
01716717356
01716717356
01711-787801
01714971875
01970359269
880241025191
01754105098
01754105098
01713002861
01713002861
01743502707
01743502707
01322306258
01322306258
01970831822
01970831822
01765276560
01765276560
01689331726
01689331726
01688710173
01688710173
01324264054
01324264054
017542187471
01754218741
01832142350
09606507456
01713409151
01713409151
01766670020
008809666910915
01794386552
01794386552
01711505628
8801742111222
01713244420
01713244420
01636558227
01636558227
01769111444
01769111444
01859183963
01859183963
01711612319
01711612319
01894540040
01711487942
01763934220
01763934220
01794926051
01794926051
01711827951
49 1520 8911326
01711734835
01711734835
01730058921
01300572976
01718783541
01711500654
01711500654
01821400121
01977145887
01619474927
01619474927
01676930975
88-02-48040622
01923710977
01789110133
8801789110133
01705483838
01810007207
01767835706
01767835706
01894442905
01894442905
01717828103
01717828103
01681610033
01681610033
01706401778
01706401778
01711133282
01711133282
01321160868
01321160868
01611628091
01302735013
01794492101
01771662888
01753855401
01753855401
01680489638
01674713610
01716220220
01716-220220
01613065930
01613065930
01795590818
01795590818
01973614953
01973614953
01925644951
01925644951
01711053147
01711053147
01300396067
01300396067
01711007784
01711007784
8801711476692
8801711476692
01840219368
01840219368
01994743242
01994743242
01717404447
01717404447
01844276010
01844276010
01833181138
01833181138
01715429860
4407984941521
01818339641
01810158337
01842018708
01842018708
01612346868
01815000467
01760909555
01760909555
01715685598
880 1715-685598
01712087800
8801712087800
01718292526
8801718292526
01712087800
8801712087800
01742021210
01711532484
880 1711-532484
8809638997755
01857323592
8801857323592
01922525240
01850519131
01735772014
01735772014
01616531952
01797242610
01717045742
01633007777
10391515708313213089
01711922229
01711922229
01678004444
01678004444
01757292839
8801757292839
01628692364
01605150545
01912506600
01620840368
01400405303
01619620620
01619620620
01312301800
01312301800
01751925687
01751925687
01706381806
01706381806
01713121148
01749099234
01922114043
01922114043
01617738431
01766 681318
01670834111
01973737547
01733333334
8801842-865004
01713043649
8801713043649
01975243462
01975243562
01704242711
01704242711
01677714591
01787794547
01678116064
01678116064
01713453504
01814652541
01842943065
01842943065
01977746744
01617746744
01722244600
09611656005
01752774677
01752774677
01733444411
01733444411
01840785292
01840785292
01708517919
01953337616
01677182084
8801521109057
01638618184
01638618184
01841937378
8809678076482
01923491285
01711049105
01610002888
02224415463
01713185478
01713185478
01676222172
01758388865
01738703571
01738703571
01951835152
01951835152
01687374670
01687374670
01714069924
01714069924
01711927821
88 02 223310556
01894955498
01894955498
01889143846
01889143846
01711849938
01711849938
01731386399
01731386399
01713335334
01758239246
01324433658
09613715715
01711159928
01886747843
01708146345
01886668928
01711622862
880 1636 667 327
01855567877
01855567877
01988438100
01988438100
01521110623
01521110621
01964200156
01964200156
01713060884
01713060884
01712314379
01711268869
01678038773
01678038773
01819239614
01736518223
01841538970
01847131400
01940450068
01716023454
01730352222
01730352222
01710340290
8809638216518
01711586469
01711586469
01712825658
01712825658
01977758888
8801977758888
01847137186
01847131404
01847198297
01847131432
01673678418
01673678418
01721663816
01721663816
01819418967
01819418967
01719145497
01719145497
01329715600
880 2224-470570
01752926765
01752926765
01817146757
01817146757
01797116358
01797116358
01705511489
01705511489
01766314952
01766314952
01711474633
01711474633
01622992222
01622992222
01683713635
01966 100 888
01727614654
01727614654
01776457474
01776547474
01911978897
01911978897
01797262459
01797262459
01732040165
01732040165
01707071212
01707071212
01713764396
01576686051
01552323177
01404010950
09611677579
01713009003
01913249518
01624131260
8801624131260
01711428036
01711428036
01713037403
01713037403
01400377844
01400377844
01643235533
01643235533
01711245771
01711245771
01820029522
01820029522
01912499989
01912499989
01712615605
01712615605
01714977054
0255012500
01759468861
01713-657381
01844257065
01844257065
01777906906
01777906906
01723245454
8801723245454
01760568639
01760568639
01795097793
8801795097793
01714066521
01714066521
01673938650
01673938650
01301320794
01601605556
01713431616
01328949852
01790529799
01790529799
01775770063
01775770063
01819210076
01819210076
01713063284
01713063284
01711506688
01711506688
01712209979
8801611369000
01709641320
01713060417
01711163193
01730076017
01792527253
01792527253
01610004002
01712786662
01319950321
01815262137
01711525711
880255012125-28
9120428-30
880 1787677723
01919652663
0960200000
01977652780
01937999998
01713144222
8622075-76
01713144221
8622075-76
01713-144221
01713-144222
01711526507
0171-526507
8801713-014880
01711538122
0255010248
0255010465
01793513605
01608750772
01713015836
01678004271
01711541217
01711541217
01329715999
8809666333666
8801613331466
01799766017
09639123123
01714080234
8141839-40
01714169600
019-341 389
01714-169600
01819-256908
01714169600
01713201882
88-02-9820608
88-02-9822145
88-02-9820604 
88-02-9820605
01713037302
01713037302
01711541366
09602666191-2
01711-541 366
01715668632
01715668632
01714084442
8802 55012095
01714-084442
88-02-41040386-95
01678010001
09666712345
01714164400
0171-529044
01714164400
01714-164447
01711541951
029346724
01711541951
01711539927
8801729066350
01713259935
880 2 48951636
01819461717
02-48114869
01817-566720
01715024558
9571278-80
01711561661
01713009235
88 028 413 076
01730003240
01717098787
8801717098787
01713140934
01322890765-67
01811459759
029552145
01711529091
01552372366
02 5501 2162
01552372366
01819238680
01730311603
88-02-47118757
88-02-47118642
88-01904-119221
88-01904-119207
01819247488
01711525993
09606252525
01819220070
8801819220070
01715028197
01914212373
01713453337
01912271702
01711597949
01730374436
01726778571
02-48315559
01713141144
880255013964-65
01715663644
01814655962
01713000720
01713037403
01713037403
01819237866
01720053023
0248964500
01706643280
01706643275
01715151096
01715151096
01711563977
01713013979
029134045
028143896
01713013979
01911989121
0255012160
0255012161
01729223909
028853857 
01729223909
01913069911
01913069911
01733613000
01733613000
09603777777
01819240640
01819209256
01711563977
01711-563977
01714078933
8801714078933
09609000999
0258815559
01712848571
01709640007
01839770720
01714132223
01714-132223
01979113353
01911588827
01714075145
01729223909
004476500115
01729223909
01729223909
01819261222
9611 888 444
01714007822
01819200559
01819200559
01713062604
88028081269
01973062604
01713488220
01715343347
028827680
01715343347
01711520809
029612415
029669379
01819274862
8809638008877
01819-274862
01611336825
02222291538
02222291538
01711946780
028415966-9
028415970
01912499989
01911592527
01922101145
02 55012386
01711538969
226600707
880-1713038999
8802-222282314
01721882161
01713453140
8801745344416
8801775464978
029830310-13
01715002444
88-02-222293967
2222893071
01911736731
01819214616
01819-214616
01713034903
01713034903
01713385398
01713385398
01715668632
880 1909 911 911
01713014147
01713014147
01730433322
8809638333444
01711524312
880-2-48038073
01730358080
01713038450
028816707
028818628
01713038450
01713043649
01713032476
88 01713032476
88 01780460630
01711049638
88029861858
8801814663094
01713113113
031-714447
031-717437
01713-113113
01711944046
8801713000250
01713004250
8802 9632207-8
8801713004250
8801730071001
88 02222287041
880-17-30037400
01711606565
01713011445
028115510
01711606565
01971606565
01730047765
8801872650660-69
8801737075739
01916041499
028417773
028411086
01777770396
9610961234
01819225074
01819225074
01713118493
01713118493
01713118493
01713037328
01730000605
8801755628484
880-2-44810017
880-2-44810018
01819312570
0255168059
01711 526292
01941010011
01819218125
01819218125
01713048866
028832030
028837902
04474500427
01713048866
01727764758
88028855740
01714107370
01714-107370
01714-110415
01922110307
01922110307
01715010789
8809612779988
01714278253
01714278253
028189276
01715596759
01715596759
01710862768
01713458492
01713458492
01817293279
01817293279
01817293279
01713002341
880 1713 002341
01711148189
01760888883
01199122250
01199122250
01199122250
01711821258
02-48311705
01711821258
01711594796
028820388
01711594796
01511541620
8801711541620
01755558887
88 9145938
01819247924
01819247924
01923480180
01975200222
8802-48040622
01722320924
01713117697
01713117697
01717198484
029550212
01717198484
01913387640
029881860
028619521
01913387640
01713015272
01713015272
01718167375
01717426494
01717266026
02 226623140
01717266026
01714354220
1718358140
01715812324
0175812324
01715149996
01617181234
8809606501155
01725202428
02 222261155
01746128154
01711531234
01715783241
01714042726
01714047805
01819496040
01819496040
01755520220
01733339260
01713230461
88 01912141414
01713243673
01736002387
01720635089
01759863338
0175986338
01923226017
019112601
015524930
01923226017
01911387029
01911387029
01711541217
01755513979
01552108512
01552108512
01708521594
01552458453
01730332500
01730332501
01797917026
8802-48812159
01711529128
028353266
01713000198
01711985551
8801711985551
01730338181
8801700703955
01727174580
028824575
028832260
88-0175-974-7387
01672735479
01672735479
1711521964
01914332793
01678077191
8809612223343
01721252304
8809611741741
01713368843
028811674
01711124712
88029022202
01714073661
01714073661
01911387029
0255033412
02 988 3295
8801980001414
01713104985
01713104985
031625283
01713083664
880248115521
01937810877
8801768760886
8801768760886
01673954869
01673954869
01713019325
88-2-9612419
01911939408
01911-939408
01713432888
880312517669
01912023425
8802222222717
01914740013
01914740013
01819263636
8809614440440
01711000537
8801944444666
01713063284
028815915
029891182
028850833
028835670-1
029891521
01766666543
01711596059
88-2-55085559
01711526160
029677425-6
01713368856
01717575700
01711822442
09606992233
01755524202
029846123
01755524202
01714420001
8801714420001
8801952200110
01713065556
01713370752
8801790233256
01712147261
01712147261
01711610966
1711610966
01711540378
01818128049
01321175336
01711563176
01711563176
01711126713
01712186891
01712186891
01552454361
1819231922
01715054769
880 1715 054769
01712 259 157
01712259157
01714112827
8801713017950
01713090032
01938855500
01730334690
01712773844
01911365897
02 5505 5179
019177774722
01741117283
01923964744
31653753788
01711584519
01973009007
01743003796
029870043
01976293279
01954184050
02-9104556
01711596059
88-2-55085559
01777444065
029131073
028157212
029131083
028152910
028159551
029145261
01713017459
01931162113
01713372022
1637668330677
9686675073707046173
9686675073707046173
01714164870
8802 222291542
01711415154
029143366
0255020230
01970776608
10-09-2009 3
01324254811
01324254802
02333337144
01811419555
01554306975
01708166216
01755619316
01819284939
01819957186
01713007312
01711526913
02333360061
01717426494
01717426494
01707995522
8809617617617
880 1711-786824
01711786824
01819247566
01819247566
01847133052
02 222260417
02 222260418
01710441906
01710441906
01711597949
8833463-64
01717861191
01717861191
01715175288
8801715175288
01711666999
8802-8180202
01720050185
01720050185
01911119966
01799985388
01713331854
02-223383019
01833101454
88 02 222297327
01711522597
028814507
01911343152
02223363369
02223367598
01713084018
029861138
029862815
029891447
0255033889
0255035340
01712992136
01915357575
01712992136
01755551400
8801755551400
9678800076
01730066366
028415191
028414182
01819271983
0871187980
01818080236
880 255033794
01914824270
014478004808
01720266990
01711560355
01752871770
8801752871770
8801911059749
01670730335
880-2222264718
02222263393
01819442052
01730033006
027112702
027112346
09644-444 444
01777770102
8802222261234
01552464297
029861902
01819841259
0248121843
01819244217
01711590392
01819212555
01746128154
01713397550
8801787663739
01911322496
01911322496
880 1716009834
01731111113
029101624
01755625740
01715592618
02222263443
01722512512
01534671528
8809606500813
01712929196
1712929196
01914957765
01755513802
01713009282
09678100500
01713013773
88028412321
01819277675
88028832313
028418516
01911614074
01711016496
01720532169
01755548880
01673223344
8809606501155
01711555111
02-222229704
01711595468
028954356
01317497428
01732429294
01670012244
029821812
0255045663-4
01717179530
01717179530
01713003965
01978103050
8809678221551
01711019518
01711019518
880244810019
880244810020
01714071500
01714071500
01979724730
01979724730
01851137303
880966910962
01711906567
029830376-79
01717677110
01818076768
01718334263
88 02 58152927
88 01737614302
01975500001
01975500001
01726133768
02 55013300-1
01924873107
8801715150898
01713039061
02-58155797
01713046114
01755642568
01841089260
8878586-87
01818223790
01818223790
01970007007
01711205126
880241001527
01713606912
01713606912
01730050070
01711311151
01730341177
0247120278
01913344066
8802 41040256
01755650252
880244801207
01711505320
0248311281-3
01819424014
01792037716
8801754991050
01844001007
01733247843
01711548121
880258156383
01841234562
01730001556
028963621
01730452459
01711521828
09601501500
01612302124
01612-302124
01552-302124
01711307878
01711307878
01730433711
01713012417
01711853814
01711991936
01714003040
880255012235
01721918086
01706762996
01741391636
01975500001
01975500001
01913464295
01790539138
01979737116
01711357275
01715317527
01715125284
01718837689
01718837689
01711527541
01933313149
01711568710
01711568710
01711276230
01912522017
880255013748
01771116688
015 1111 6688
01847100124
01847100111
01847100124
01714130259
01765185564
01765185564
01713123428
01775583330
01713123428
01711520325
01714105204
01733504960
01733504960
01713064416
029871656
01714092649
880-2-58814442
01711306212
01711306212
01998888888
8801947372202
01714134424
01678665001
01711049638
02 2222 80488
01749151909
029678777146
01977400500
8802-9615991
01976003001
01977400500
8802222286531
01913957456
8802222286531
01733065522
02-9104643
8801733065522
01730323052
029890017
01717003626
01717760924
8801717760924
01744293581
029130246
029130304
01712740463
01865030699
01914444786
029859330
01719961000
01711174423
01916085911
01716306023
01732580758
01732580758
01711818657
88028871592
01985338011
01768383663
01841117666
1741117666
01758116655
8801758116655
01714004910
02223388646
01730792451
01712727688
02 9030095
01613243663
01713243663
01712567568
8801712567568
01819213430
0177189953
028130108
01719500018
029632795
01715258118
8802-48121819
01789381194
01789381194
01711856186
01819243935
880 2 8714169
01711594659
01726276345
01713240168
09610 405060
01711500002
01894945540
01610005555
01715091734
88 09 678 71 1971
01708491580
01708491580
01715180654
01818088864
01818088864
01619474927
01619474927
01745553313
01787-882277
1911482300
01730341560
1730341560
01714110486
88 02 8413865
01714110486
01727211792
8801784446633
01711679301
01711679301
01717564646
8801717564646
01727654326
01727654326
01713036775
8713514-16
01784899561
880201784899561
01711662065
01711662065
01970711632
88-01970711632
01713201882
88 02 8831188
01730373019
88028833664
01919198055
01670923581
01755513839
0209139314
0255045191
0255045192
01713452395
01713452395
01727266565
01727266565
01711080712
01755600840
01755600840
01878191479
01878191479
01716939994
01716939994
01712187075
01712187075
01713453504
02 9897942
01713453504
01713311378
01713311378
01986150150
01711561128
028812507
028814613
028814615
028814868
028814871
028814873
01678100144
01819218449
01819218449
01817715159
01817715159
028418191
01757038022
01713303221
029634811
01713303221
01842534236
029566946
01672185486
01842991971
01672185486
01556981107
01611446699
01912140660
88-02-7913843
01310589636
01310589636
01720194319
01911098050
88-01762195944
01755575801
02588801012
01762623193
01714165152
01613019343
01819218301
9611688227
01730030600
880 1730030600
01711524167
01711-524166
01613344333
01618280070
01833103907
8803599999999
880-2-9860352
880-2-9888746
01922101112
22222275595
01711126713
1822870448
028120368
01711126713
01730435130
9610898722
01733757954
01730435130
01730435130
01730007789
029031159
01911310273
01911310273
01787676029
0291011114
01787676029
01747907599
880248113179
76212693106784
35758291974493
01711082720
01720347186
01974645404
88029355027
8801974645404
01711500254
880 1709 297766
01711530764
88028711840-2
01511145787
029356654
01819182157
1819182157
01711500416
01711547804
01798323146
01914127482
01816011111
029101392
01713313222
01713313222
01733543676
029341512
01713013221
01819220392
108000-7357
8801552333396
01552404204
029125240
01617924212
4408006124709
447723078107
01711907296
0243164227
01755525669
01937706345
01766681318
01713083584
01616161516
01985555011
88-01717-039372
01844074012
01711695899
01715181122
01715-181122
01886480832
01768200000
01713033045
01721778822
01721-778822
01717228279
01717228279
01844097752
88 02 2222 94173
01847289307
88029893333
01711298871
01713517439
09613250250
01797587245
8802-8091125
01759114422
01966656666
01614644444
88028189301
01711187000
8801711187000
01612223602
9612885522
01711370209
029668000
01715391918
1715391918
027195461
01984414141
1552493350
01712421649
01712421649
01911341654
01311456508
029023383
01711461220
01714455293
01750000144
01711795899
88028836880
01919699666
01919699666
01910786646
01914242008
01713452703
01713452703
01812667788
8801812667788
01731057667
01731057667
01811413455
01811413455
01703468540
01786493740
01714005887
01912144590
01819228870
8801847213868
01888057176
01670343183
01819217478
0258950841 
0258950841
01199862816
01726686188
02222240757
01977031444
01817031444
793704206335278
42246938389547
01711532371
028836222
01717135735
01717135735
01717728376
01926836045
8801977974801
01750064240
01734954824
01730780620
029881857
029881857 
01713334696
01708497682
01610006106
09678771668
01717915096
01799272727
01988833002
222241928
01713525654
8801777174791
01670229497
01617149287
1613333654
01979666696
88028313728
01717638133
01913390330
1913390330
01911916696
01911916696
01918818686
1918818686
01713065921
01713065921
01912008163
01711368448
01711368448
01711873008
01873873008
01819253425
01912211299
01619253425
01841087430
880 2 222286524
01723833508
8801948883888
8801758114433
01673173993
1673093207
01911401238
01962800429
8801977226401
01814917429
01196226521
01534855125
01534855125
01711520007
01711520007
01716616281
88092162069
01825058199
88029146367
01713036306
8809610997929
01752896869
1752896869
01819351947
01823833897
01711788119
01711788119
01711081176
01711081176
01711834181
029855782-4
029855784
029855782
01711594140
01711732210
01713037403
01783838382
01979500762
2233 27738
01705458877
01761570898
1761570898
01711019663
01303531021
01713009282
0258157002
01734741443
1789381194
01916558441
01916558441
01844114000
8809 678 411 411
01743056775
01743056775
01787051005
01787051005
01712889534
01811999123
01750524851
01750524851
01922527255
1861150292
01716624141
01980340017
01711666999
1711956970
01977282626
01534776728
01610005003
8801610005003
01755592583
01819213898
01678665000
028879224-5 
01939343009
09677888226
01818501740
01841136251
01841136251
01313797979
1610006655
01755639300
029023757
01717308615
8801717308615
01977101175
01977101175
01711525397
88 02 8100522
88 02 8100523
01712295848
01751868243
0248121843
01713012302
029859027
029859026
01713019403
01713032986
01713032986
01713397450
01752817343
0248810596
028931830
01787445500
880-2-7553869
01971156454
01971156454
01711347419
88 02 48321464
01762047141
01817584639
04475141701
8801817584639
01754826810
01941141141
01711506161
01966688777
01713013979
01711527193
029120040
01819412805
8801814652540
8809610998951
01913513555
1978992200
01711423737
88-02-223355714-15
01730323052
029890017
01708169401
01713046192
0171304173
01819368961
028189700
01955900700
01717055870
01911249101
880244806061
01708574204
01714178339
88028625170
01717055855
0088029575117
0088029575118
01776534220
1776534220
01322894545
01322894545
01719567890
01719567890
01712818511
1712818511
01711050808
8809678777220
01711521927
028900648
01711676414
01730326750
09666779900
01619011646
029841234301
01713168866
01970000270
01756766919
01919238258
01833116468
01833116468
01823662233
1823662233
01975243462
01732002900
01711350043
880255013748
01711666999
01712116965
01713084487
01713084487
8801711333920
01912-189227
029632746
029632753-7
01740610977
1740610977
01915867818
01740032764
01711666999
01522666999
01711666999
01772722436
01913077646
01989999003
01811459759
0255138737
01610353433
01766811307
01711149237
01711500574
880961961961
01713721001
88029346437
01713461138
88028837997
01755515085
0255041951
01841923270
1841923270
01841444493
1835666699
01817294087
029641369
01711082916
1711082916
01722090184
1722090184
01670000555
01841216601
01709953600
1709953608
01776000008
01776000008
01713409151
8801713409151
01711536184
01730334980
024 8317240
01711668221
01932323232
01932323232
33777339568208
81534588357025 
327288540032512
8115834463219
01717528335
1779833333
01711532647
01713067929
01818416115
01730706584
09678771668
01610006106
01713044369
88-02-58052503
01713044369
01755568805
01784529388
0312865155
1784529388
01766677404
01946404040
01715668632
880 1909 911 911
01708455600
1708455600
01781555000
0255011874-76
1781555000
01777773690
09639959595
01711819216
029832905
01713015318
0248957021
01704173337
02 55098270
01731018646
8802222292359
8802222294438
01922114918
88029346654
01712901764
0258153018
01777700938
01777700938
01716460720
01819411161
02-9892169
01713377327
02-55073586
01818614080
01713013139
02 55044847
01610000000
01844-237178
01785910632
01785910632
01733503693
8802222287492
01719295809
01911734236
01819218301
8801936009587
01914755889
01914755889
01310314345
01671000001
88 01671-000001
01754755574
01754755574
01714340886
01940587884
01990779776
01730372939
01708805333
01612528945
1612528945
01711526355
09678777962
01712521244
01711501335
9606500799
01675110479
1675110479
01841564686
029130058-9
01888017000
01728888216
01717080800
01796500251
01713368998
029021113
01674567809
1678005683
01511459045
1775888777
01759039685
9678777913
01817035565
88-01817035565
01711991713
8801770555017
01714246092
1614246092
01712867642
01622888555
029889830
01707080666
01707080666
01707080666
01792156494
02-48956238
01792156494
01713339998
01713339998
01712111881
01712111881
01678117117
1678117117
01791961885
88 02 9612750
01889967511
02 9127611
01727549279
01717797775
01717797775
01784399218
0155013366
01777717481
01777717453
880295 31087
01670885060
1554000000
01678295090
01713405161
1713405161
01712546668
01712546668
880241090373
028711116
01715103490
029143366
0255020230
01912094120
01942901425
01911491905
9613001133
01815224424
01815224424
9638750750
01676544310
1766256001
01711809801
01980007002
0258615653
01760150555
0241010192
01712934472
9678375375
01625000025
8801625000025
01713099651
01712171960
028418012
01711567400
9606501215
01712149673
1712149673
017171186
01844114000
01844114000
028431595
028391600
01711538158
0258817735-37
028140208
01717141905
01717141905
01730042500
1730404242
01730311601
88028837997
019678771155
01731775323
01731775323
01711871173
8809613778899
01400004040
01400004040
01816210924
01919197617
01671010131
01671010131
01733934339
01733934339
01700799011
01731373345
01919204578
01714049049
01919955144
01757087654
01711822223
8809612122244
01819242997
01819242997
0258615653
01729092604
9613234112
0198886301
01915471757
01915471757
8801301055093
01925444777
01313406600
34897158595849
82063767902686
01847081592
1847081592
01711316634
031632411
01711521197
2222 80862
01777770326
01748281222
09611344344
01748281222
01834163689
01757769498
01704161353
88029822229
01711676414
1711676414
01712662292
01712662292
01938803903
01701224682
01717386384
01717386384
01778954580
028833944
01999097229
01760097626
8801760097626
01711113361
01711113361
01730358641
173058641
01511179294
880 9639000080
01511179294
01727667677
01727667677
01993342498
01713043649
01713043649
01714109543
880 1714109543
01711344751
01711344751
01713486691
01841212600
01730006578
09638383838
01722977459
01729853645
01689319331
01689319331
01711827058
01709995551
01709995500
01977487777
1977487777
1844000804
01932777555
01923777555
01914445454
01911116060
01675505555
01675505555
01617666888
029851170
029851124
0173090142
01733336121
9614000000
01733336121
01711483738
01711483738
01775168424
1731910872
01870749001
01870749000
01713453382
028832732
01718784608
01720940295
01739841681
01720940295
01711532909
01711532909
01672533842
01672533842
01817759728
01707078546
01713428430
01713428430
01713467046
01938990250
01938990250
01710105941
1710105941
01775605927
01775605927
01847347832
01847347832
01730588887
0255012164
01755603300
01922599444
01922599444
01678017390
01404030556
01757192483
1757192483
01710217847
01786007777
01710217847
01711909887
9666911314
01711909887
01746604530
02-41022565
1746604530
01713453337
01819250309
01755535628
029614345345
01755535628
01611012366
01611012366
01707155481
01707155481
01817594182
09678887888
01623332333
029848693
3113194515176
4094606503147
771925884503123
01711505146
01711080215
01713213363
1713213363
01716044435
88 02 48950492
01730070600
09611770077
01730070600
01711429717
01707060010
01919775377
019617444111
01711608293
01711608293
0291328035
0202815638
01711042374
01319788665
01777743738
01709654210
01777743738
01832881491
01832881491
01717316637
01775485772
01911354201
1791001818
01713428928
0251051825-7
0251051825
01713428928
302700432
01781218910
01847291881
01781218910
1977771867
01819112973
01970762842
01819112973
01711526225
1711526225
01913065604
1913065604
01735136398
8801905199835
8801735136398
01700704435
88028837997
01711081836
01711081836
1742888638
1230001049 
001984213-0701 
01777206647
01777206647
01704170270
0248114154
1818010902
880248954441
01819406364
01819406364
01619474927
09612101010
01619474927
01758637902
01758637902
01713230055
1713230055
01717488130
01717488130
0171871204
01979774044
0171871204
01713384435
01321192400
01975501555
01919968025
1919968025
01713084430
1713084430
88-02-55041093 
8801711546988 
01711546988
01711546988
01716983511
01716983511
01675716329
01933344488
01933344488
01711378712
1711378712
01711520035
0255012033
01914444786
01914444786
02-55035909
01712852696
02333366329
01711541718
02 41050906-07
01711541718
0171051053
01964200156
01911114979
1911114979
01711441036
1711441036
01712561719
01712561719
01985889470
880-9678774488
01610838402
01718016858
1730577220
01309009915
01309009915
01715091734
01715091734
01716460022
01755615929
01716462613
8801716462613
01767696529
01767696529
01844047000
01844047000
01844047001
01686521183
1686521183
01799424354
01799424354
01701689700
02-8991827-28
01817152919
1817152919
01922032647
01922032647
01676370931
01783681226
01755520029
028410395
01755520029
01316900378
88029355631
1316900378
01820312276
01820312276
8802226600473
01720012715
0255048474
01720012715
01715079420
880248811558
01715079420
01711525428
8809612004000
01730070545
02-226603001
01733358358
88 01711504516
01716789541
01712000770
01798637757
01711595333
029632341
01711595333
01720022112
01720022112
01727135737
01727135737
01819283728
01819283728
01711520842
1711520842
01711540425
01726-467969
01791159893
1791159893
01711750512
1713104208
1715248257
01712922233
01712922233
01740963004
01740963004
01755569701
01755569701
0754017477
39163867256573
78062079603966
01711201943
01716303720
01716303720
01913828774
01708331714
01716441700
01716441700
88029668877
01913464084
8801913464084
01798012640
09678771206
01711324989
01711324989
01677561447
01712579697
88029121292
01713030203
01713030203
01775114929
02222275404
01755555560
01681011111
01681011111
01716596704
01716596704
01678005123
01678005123
01711530700
8801711530700
01915215638
02-55012784
01795075226
01795075226
01711520259
01969633288
01711593581
01711593581
01716420077
01716420077
01746653647
01746653647
01889977951
01711595013
01726334025
01726334025
01756167187
01756167187
01713060417
01713060417
01409-350863
01409350863
01730088544
01841212648
01799045333
01799045333
01714130063
01714130063
01793007848
01711082212
01841212651
01713090961
01713090929
01710287841
01710287841
01787681929
01787693200
01313007706
01313010180
01713311378
01713311378
01715058278
01715058278
01717959665
01717959665
01747485923
01747485923
01841845678
01927772888
01927772888
01713397552
01610005100
01711040536
01811115179
01717874022
01717874022
01730338838
8809601501500
88029354821
88029899837
01717496094
8801717496094
01713404007
02222282314
01829000263
01717499055
01973432387
01973432387
01321216803
0258070308
01611058033
01611058033
01400677102
01400677102
01713091650
9576210-18
01816340614
01816340614
01728281212
01914404014
01798415652
01798415652
01717614203
01988899925
01615887190
88 016 1588 7190
01792391510
0248118067
01670935445
01711071155
01711567170
01711567170
01515623905
01515623905
01874045500
01550063214
01742089259
01742089259
01716122945
01716122945
01715317133
01715317133
01913555891
01913555891
01711505611
01711505611
01716856444
8801716856444
01713178224
01713178224
01312277627
01774083380
01798257475
8809606003638
01844060101
01844060101
01711050497
019 5865 1493
01741674189
01741674189
8801713015165
8801713015165
8801771222423
01678017396
01711565626
01817181215
01817181215
01717135547
01717135547
01711055617
01985924924
01535820840
01535820840
01727024704
01727024704
01913800830
01913800830
01311905105
01311905105
01842088100
01911115389
01911115389
01976568395
01976568395
01923240700
01923240700
01675932265
01675932265
01716007994
01711013932
01675026352
01303094897
01717528335
01717528335
01913846060
8801913846060
01678028293
01678028293
01615900004
8801763444222
01882061401
01882061401
01711487973
01731146077
01713069508
01715959805
01717087089
8801717087089
01723371621
01723371621
01711467889
01724081808
01715050453
01715050453
01745212170
880 1745212170
01713067767
01713067767
01797981245
01782302564
01782302564
01715627285
8801720859850
01535112565
01535112565
01819202988
01819202988
01914417044
01914417044
01713040298
01713040298
01936444555
01936444555
01715867854
01715867854
01717639422
01717639422
01717428470
01717428470
01833933567
8801833933567
01914242400
01914242400
01713482251
01713482251
01890364569
01677058433
01911012338
01911012338
01678801781
01678801781
01713043455
01713043455
01786866666
0255080784
01966191910
01966191919
01711364693
01711364693
01777656517
01777656517
748429552722357
39955059626165
01844276060
01764196477
01764196477
01710318199
01710318199
01880162301
01880162301
01302700063
01890370774
01730328665
88-02-9820310
01711083821
01711083821
01675266527
01674963636
01911621227
8801911621227
01712253192
01712253192
01911115161
01970900700
01309188715
01309188715
01984882354
01914092223
01911310168
01911310168
01675959178
01675959178
01927666222
01927666222
01976990703
01709990703
01714085888
01701775562
01713015836
01713015836
01959454154
01959454154
01718585810
8801718585810
01723355135
01711516677
01709928101
8801709928100
01713015736
01988181920
01919959995
01919959995
01712171960
028418012
01718828272
8801811-548379
8809638-400200
01841003385
01841003385
01755552900
01755552900
01672063705
01672063705
01711500009
01719059590
01871003103
01871003103
01819274862
8809638008877
01710575743
01710575743
01728038442
01728038442
01757650208
01757650208
01818339641
01818339641
01680541776
01404457115
01765000003
01765000003
01711350065
01711350065
01611523456
01611523456
01626555000
01616555000
01711588142
880-1711588142
01726592008
01762042595
01712094169
01712094169
01713015736
01711320903
01711507367
01766343434
01711460247
8801711460247
01977008854
01977008854
01726703557
01726703557
01841389900
01712724697
8801712724697
01713246200
01730730364
01977997799
01977997799
01711533946
0 1711-533946
01778772327
01778-772327
01714245644
01777794600
01729072092
01729072092
01819835333
01819835333
01711520259
01711520259
01711520007
01842427377
01922552242
01922552242
01911774866
01911774866
01552425947
01953335155
01707282809
01707282809
01711527434
01711527434
01713093640
01713093640
01712543589
01712543589
01711272324
09643250250
01777866666
8801777866666
01711068569
01711068569
01815916102
01815916102
01711952849
01966449944
01712377577
01712377577
01782392382
01782392382
01713086821
01711275321
01730599461
01730599461
01969610333
01969610333
01611367868
01611367868
01825444444
01825444444
01717286141
01717286141
01956172668
01956172668
01760949669
01760949669
01511223342
01511223342
01616577796
01616577796
01711500180
01711500180
01401157051
01787667607
01787667607
01866303609
01841222130
01770073285
01770073285
01819294201
01819294201
01731914336
01731914336
01722510266
01722510266
01784659339
01784659339
01730037272
8801918181818
01976997875
01976997875
01722828282
01715573755
01711036168
01711036168
01717940152
01312553374
01714092003
01836729492
01712114756
01712114756
01714101351
01905041105
01551805808
01551805808
01736002387
01736002387
01713041532
01911349630
01713273949
0258155599
01824166811
01824166811
01676700443
01676700443
01708468020
88 0248811521
01770773355
01770773355
01670557505
01974447331
01711565125
09678222253
01784200600
01925696356
880251050213
8801712651400
01614000010
01614000010
01516784989
01600299169
01913651485
01913651485
01730797262
8809613228899
01977887087
01977887087
01680000009
01680000009
01841488787
01841488787
01724985959
01724985959
01670328938
01714-100890
01716493669
01716493669
01705317153
01313650931
01911878411
01717871204
01717871204
01713513180
01713513180
01711843283
01711843283
01713121148
01713121148
899861925370
01717422522
01717422522
01712546668
01848303332
01872788592
01872788592
8809638188121
01308042284
01521429228
01773888918
01304742009
09678787373
01717234688
01717234688
01632904249
880 9611656056
01960060000
01960060000
01813795193
01813795193
01713131113
01713131113
01711279441
880255111651
01724645825
01724645825
01916100302
01972746663
01725402187
01725402187
01755548880
01980702870
01715104528
01715840339
01716631582
01716631582
01980001414
01980001414
01950010050
09638777222
01881169844
01881169844
01867842869
01984929523
01711274679
01711274679
01713204715
01713204715
01971346964
01971346964
01711589837
01729202313
01713230066
01713230066
01716632040
01716632040
01310919110
01991796311
01714173443
8801894800651
01714108478
01714108478
01736477666
01934100001
01711908096
01711908096
01715623112
01753969194
01985083234
01985083234
01712499840
01712499840
01844652066
01844652066
01841310348
0249350721
01317667265
01907780078
01911142320
8801958442200
01913377417
01913377417
01841377417
01712257451
01712257451
01682011120
01745371324
01742151213
880 1742-151213
01713735835
01713735835
01687422272
01687422272
01977444411
01924400940
01733824792
01733824792
01704174274
01729265678
01404452525
8801404452525
01685794612
01711588843
01928813606
01738469346
01894945353
01894945337
01713409151
01713409151
01835152904
01835152904
01711065316
01711065316
01847291881
01847291881
01970000270
01970000270
01918232766
01918232766
01774565227
01313544313
01819649616
88 01819 64 96 16
01711056133
01711056133
01714044180
01714044180
01713379668
0171337966
01711451543
01711451543
01609697988
01775888999
01955544953
01734936561
01734936561
01712910325
01712910325
01815695123
8801815695123
01643708078
01710910594
01817031597
8801817031597
01819228870
8801819228870
01819403848
01819403848
01633300888
01720981682
01720981682
01767697982
8801746388644
01781881199
01781881199
01819280056
01819280056
01734782800
01947 888 222
01911310766
01911310766
01798666655
8801798666655
01787039029
01787039029
01673603132
01713615831
01555555550
01555555550
01779644498
01779644498
01717428261
01717428261
01911888888
6591510699
01847069232
01847069232
01713229799
01713229799
01777020020
01777020020
01817180671
01841212651
01819279393
01819279393
01670210764
01670210764
01710334148
01719049752
01713079617
01713079617
01777110088
01777110088
01755627208
01755627208
01720262326
01720262326
01977646434
01729065660
01734997063
01734997063
01849640213
01836081448
01713030232
01713030232
01833182077
880241082448
01752720112
01752720112
01957045438
01957045438
01784398934
01784398934
01978447325
01978447325
01711991713
01770555017
01844143081
01844143081
01707080930
01707080930
01713080107
01713080107
01601009040
01601009040
01324258749
01324258748
01815767914
01815767914
01313942999
01313942999
01722158130
01722158130
01704504168
01704504168
01712567878
01712567878
01672404028
01672404028
01854413001
01854413001
01810465617
01810465617
01726178144
01726178144
01833182438
139858966879 
003152401-0402 
01672735479
8801755676701
01777004005
8801777004005
01521206638
01521206638
01617828443
01617828443
01840048484
01840048484
01711507292
01711507292
01711522329
01711522329
01765450149
01765450149
01856391996
01911520552
01815140606
01795204246
01611550800
01619550800
01745724242
01745724242
01717070203
01717070203
01730496446
01844600080
01711973451
8801842647664
01781800783
01781789998
01787737707
01794724653
01918100125
01311866968
01730554455
01312248522
01912200955
01912200955
01713041428
01713041428
01678591504
01678591503
01732657246
01726184082
01717600889
01717600889
01871993300
01871993300
01746655678
01746655678
01712254936
01712254936
01711507237
01711507237
01738562281
01894885898
01966121212
01674441997
01711082689
01711082689
01404030567
01787667392
01787667392
01755627856
01909314323
01615419194
0189452788
01703235615
01703235615
01789772828
01931775775
01816246051
01816246051
01844630825
01672646247
01791024604
01791024604
01708521127
01622870077
01958152400
01958152400
01713370668
01619246606
01817181781
01817181781
01902777000
01902777000
01676224087
01676224087
01711873008
0241010090
01730068845
01730068845
01711563841
01711563841
01952973806
01952973806
01713200846
01713200846
01638048645
880258816623
01713094595
01870720797
01716298151
01716298151
01711409023
01711409023
01713037403
01814280710
01819401478
8801991198318
01674897784
01910007705
01713493166
01711526230
01819210428
09612300700
01819210428
01713397561
880241022283
01713397560 01713397561
01811459759
0255138731
01819224701
8802 58951905
8801700960224
01711530509
029641392
017 1153 867
01711532597
01711532597
01711527299
01711 527 299
01711527299
01817045635
01819-229115
01817045635
01819229115
01711541442
01711-541442
01711531423
55036541 55036542
01711531423
01711567377
0255012113
0255012114
01714117715
01714-117715
01919009398
88 02 48953302
88 02 48950505
0171 524413
01713-039367
01716291680
01711523288
01711523285
01711523285
01711560452
02 2222 62174
2222 86319
01711560452
01711546045
226600707
01819211484
01819211484
01819242803
01711568751
029660601
01786-491376
880-2-58151538
880-2-58151542
880-2-48121377
880-2-48115029
01711521696
01819225098
880-2-44810002
880-2-44810003
01711530452
01711-530452
01711525592
09609100210
01686114439
880961099095
01713047007
029840941-3
01708434773
8809678016016
01716860134
008809666910800
880-1999087700
01730496861
01730496861
01711080909
01711080909
01755596986
01755596986
01329656499
132-965-6499
01711505234
01711505234
01404084477
01404084477
01711504786
01711504786